#FORMAT=WebAnno TSV 3.3
#T_SP=webanno.custom.DocCreationTime|DayOfWeek
#T_SP=webanno.custom.Dur|Value
#T_SP=webanno.custom.Field|Category|Gran|ResolveDefault|U_Class|Val|fType
#T_SP=webanno.custom.Paragraph|
#T_SP=webanno.custom.Sentence|
#T_SP=webanno.custom.TxtDate|Category|Formula|Gran|Value
#T_RL=webanno.custom.Anaphoric|Comment|Decision|ID|LinkName|Operation|Relation|eClass|uClass|BT_webanno.custom.TxtDate


#Text=¶2019-03-26
1-1	1-2	¶	_	_	_	_	_	_	_	_	*[9]	*[28]	_	_	_	_	_	_	_	_	_	_	_	_	_	
1-2	2-6	2019	2019-W13-2[1]	_	_	_	_	_	_	_	*[9]	*[28]	Date[75]	*[75]	Day[75]	*[75]	_	_	_	_	_	_	_	_	_	
1-3	6-7	-	2019-W13-2[1]	_	_	_	_	_	_	_	*[9]	*[28]	Date[75]	*[75]	Day[75]	*[75]	_	_	_	_	_	_	_	_	_	
1-4	7-9	03	2019-W13-2[1]	_	_	_	_	_	_	_	*[9]	*[28]	Date[75]	*[75]	Day[75]	*[75]	_	_	_	_	_	_	_	_	_	
1-5	9-10	-	2019-W13-2[1]	_	_	_	_	_	_	_	*[9]	*[28]	Date[75]	*[75]	Day[75]	*[75]	_	_	_	_	_	_	_	_	_	
1-6	10-12	26	2019-W13-2[1]	_	_	_	_	_	_	_	*[9]	*[28]	Date[75]	*[75]	Day[75]	*[75]	_	_	_	_	_	_	_	_	_	

#Text=¶Не успел выйти из клетки: Макгрегора обвинили в изнасиловании
2-1	16-17	¶	_	_	_	_	_	_	_	_	*[10]	*[29]	_	_	_	_	_	_	_	_	_	_	_	_	_	
2-2	17-19	Не	_	_	_	_	_	_	_	_	*[10]	*[29]	_	_	_	_	_	_	_	_	_	_	_	_	_	
2-3	20-25	успел	_	_	_	_	_	_	_	_	*[10]	*[29]	_	_	_	_	_	_	_	_	_	_	_	_	_	
2-4	26-31	выйти	_	_	_	_	_	_	_	_	*[10]	*[29]	_	_	_	_	_	_	_	_	_	_	_	_	_	
2-5	32-34	из	_	_	_	_	_	_	_	_	*[10]	*[29]	_	_	_	_	_	_	_	_	_	_	_	_	_	
2-6	35-41	клетки	_	_	_	_	_	_	_	_	*[10]	*[29]	_	_	_	_	_	_	_	_	_	_	_	_	_	
2-7	41-42	:	_	_	_	_	_	_	_	_	*[10]	*[29]	_	_	_	_	_	_	_	_	_	_	_	_	_	
2-8	43-53	Макгрегора	_	_	_	_	_	_	_	_	*[10]	*[29]	_	_	_	_	_	_	_	_	_	_	_	_	_	
2-9	54-62	обвинили	_	_	_	_	_	_	_	_	*[10]	*[29]	_	_	_	_	_	_	_	_	_	_	_	_	_	
2-10	63-64	в	_	_	_	_	_	_	_	_	*[10]	*[29]	_	_	_	_	_	_	_	_	_	_	_	_	_	
2-11	65-78	изнасиловании	_	_	_	_	_	_	_	_	*[10]	*[29]	_	_	_	_	_	_	_	_	_	_	_	_	_	

#Text=¶Конор Макгрегор подозревается в изнасиловании
3-1	80-81	¶	_	_	_	_	_	_	_	_	*[11]	*[30]	_	_	_	_	_	_	_	_	_	_	_	_	_	
3-2	81-86	Конор	_	_	_	_	_	_	_	_	*[11]	*[30]	_	_	_	_	_	_	_	_	_	_	_	_	_	
3-3	87-96	Макгрегор	_	_	_	_	_	_	_	_	*[11]	*[30]	_	_	_	_	_	_	_	_	_	_	_	_	_	
3-4	97-110	подозревается	_	_	_	_	_	_	_	_	*[11]	*[30]	_	_	_	_	_	_	_	_	_	_	_	_	_	
3-5	111-112	в	_	_	_	_	_	_	_	_	*[11]	*[30]	_	_	_	_	_	_	_	_	_	_	_	_	_	
3-6	113-126	изнасиловании	_	_	_	_	_	_	_	_	*[11]	*[30]	_	_	_	_	_	_	_	_	_	_	_	_	_	

#Text=¶Ирландский боец Конор Макгрегор, объявивший о завершении карьеры в ММА, подозревается в сексуальном насилии.
4-1	130-131	¶	_	_	_	_	_	_	_	_	*[12]	*[31]	_	_	_	_	_	_	_	_	_	_	_	_	_	
4-2	131-141	Ирландский	_	_	_	_	_	_	_	_	*[12]	*[31]	_	_	_	_	_	_	_	_	_	_	_	_	_	
4-3	142-146	боец	_	_	_	_	_	_	_	_	*[12]	*[31]	_	_	_	_	_	_	_	_	_	_	_	_	_	
4-4	147-152	Конор	_	_	_	_	_	_	_	_	*[12]	*[31]	_	_	_	_	_	_	_	_	_	_	_	_	_	
4-5	153-162	Макгрегор	_	_	_	_	_	_	_	_	*[12]	*[31]	_	_	_	_	_	_	_	_	_	_	_	_	_	
4-6	162-163	,	_	_	_	_	_	_	_	_	*[12]	*[31]	_	_	_	_	_	_	_	_	_	_	_	_	_	
4-7	164-174	объявивший	_	_	_	_	_	_	_	_	*[12]	*[31]	_	_	_	_	_	_	_	_	_	_	_	_	_	
4-8	175-176	о	_	_	_	_	_	_	_	_	*[12]	*[31]	_	_	_	_	_	_	_	_	_	_	_	_	_	
4-9	177-187	завершении	_	_	_	_	_	_	_	_	*[12]	*[31]	_	_	_	_	_	_	_	_	_	_	_	_	_	
4-10	188-195	карьеры	_	_	_	_	_	_	_	_	*[12]	*[31]	_	_	_	_	_	_	_	_	_	_	_	_	_	
4-11	196-197	в	_	_	_	_	_	_	_	_	*[12]	*[31]	_	_	_	_	_	_	_	_	_	_	_	_	_	
4-12	198-201	ММА	_	_	_	_	_	_	_	_	*[12]	*[31]	_	_	_	_	_	_	_	_	_	_	_	_	_	
4-13	201-202	,	_	_	_	_	_	_	_	_	*[12]	*[31]	_	_	_	_	_	_	_	_	_	_	_	_	_	
4-14	203-216	подозревается	_	_	_	_	_	_	_	_	*[12]	*[31]	_	_	_	_	_	_	_	_	_	_	_	_	_	
4-15	217-218	в	_	_	_	_	_	_	_	_	*[12]	*[31]	_	_	_	_	_	_	_	_	_	_	_	_	_	
4-16	219-230	сексуальном	_	_	_	_	_	_	_	_	*[12]	*[31]	_	_	_	_	_	_	_	_	_	_	_	_	_	
4-17	231-238	насилии	_	_	_	_	_	_	_	_	*[12]	*[31]	_	_	_	_	_	_	_	_	_	_	_	_	_	
4-18	238-239	.	_	_	_	_	_	_	_	_	*[12]	*[31]	_	_	_	_	_	_	_	_	_	_	_	_	_	

#Text=Как сообщает New York Times, в декабре 2018 года девушка, чье имя не называется, выдвинула против спортсмена обвинения.
5-1	240-243	Как	_	_	_	_	_	_	_	_	*[12]	*[32]	_	_	_	_	_	_	_	_	_	_	_	_	_	
5-2	244-252	сообщает	_	_	_	_	_	_	_	_	*[12]	*[32]	_	_	_	_	_	_	_	_	_	_	_	_	_	
5-3	253-256	New	_	_	_	_	_	_	_	_	*[12]	*[32]	_	_	_	_	_	_	_	_	_	_	_	_	_	
5-4	257-261	York	_	_	_	_	_	_	_	_	*[12]	*[32]	_	_	_	_	_	_	_	_	_	_	_	_	_	
5-5	262-267	Times	_	_	_	_	_	_	_	_	*[12]	*[32]	_	_	_	_	_	_	_	_	_	_	_	_	_	
5-6	267-268	,	_	_	_	_	_	_	_	_	*[12]	*[32]	_	_	_	_	_	_	_	_	_	_	_	_	_	
5-7	269-270	в	_	_	_	_	_	_	_	_	*[12]	*[32]	_	_	_	_	_	_	_	_	_	_	_	_	_	
5-8	271-278	декабре	_	_	*	MonthName	-	-	ДЕКАБРЬ	*	*[12]	*[32]	Date[76]	*[76]	MonthName[76]	*[76]	_	_	_	_	_	_	_	_	_	
5-9	279-283	2018	_	_	*[3]	Year[3]	-[3]	-[3]	2018[3]	*[3]	*[12]	*[32]	Date[76]	*[76]	MonthName[76]	*[76]	_	_	_	_	_	_	_	_	_	
5-10	284-288	года	_	_	*[3]	Year[3]	-[3]	-[3]	2018[3]	*[3]	*[12]	*[32]	Date[76]	*[76]	MonthName[76]	*[76]	_	_	_	_	_	_	_	_	_	
5-11	289-296	девушка	_	_	_	_	_	_	_	_	*[12]	*[32]	_	_	_	_	_	_	_	_	_	_	_	_	_	
5-12	296-297	,	_	_	_	_	_	_	_	_	*[12]	*[32]	_	_	_	_	_	_	_	_	_	_	_	_	_	
5-13	298-301	чье	_	_	_	_	_	_	_	_	*[12]	*[32]	_	_	_	_	_	_	_	_	_	_	_	_	_	
5-14	302-305	имя	_	_	_	_	_	_	_	_	*[12]	*[32]	_	_	_	_	_	_	_	_	_	_	_	_	_	
5-15	306-308	не	_	_	_	_	_	_	_	_	*[12]	*[32]	_	_	_	_	_	_	_	_	_	_	_	_	_	
5-16	309-319	называется	_	_	_	_	_	_	_	_	*[12]	*[32]	_	_	_	_	_	_	_	_	_	_	_	_	_	
5-17	319-320	,	_	_	_	_	_	_	_	_	*[12]	*[32]	_	_	_	_	_	_	_	_	_	_	_	_	_	
5-18	321-330	выдвинула	_	_	_	_	_	_	_	_	*[12]	*[32]	_	_	_	_	_	_	_	_	_	_	_	_	_	
5-19	331-337	против	_	_	_	_	_	_	_	_	*[12]	*[32]	_	_	_	_	_	_	_	_	_	_	_	_	_	
5-20	338-348	спортсмена	_	_	_	_	_	_	_	_	*[12]	*[32]	_	_	_	_	_	_	_	_	_	_	_	_	_	
5-21	349-358	обвинения	_	_	_	_	_	_	_	_	*[12]	*[32]	_	_	_	_	_	_	_	_	_	_	_	_	_	
5-22	358-359	.	_	_	_	_	_	_	_	_	*[12]	*[32]	_	_	_	_	_	_	_	_	_	_	_	_	_	

#Text=По данному факту ведется расследование.
6-1	360-362	По	_	_	_	_	_	_	_	_	*[12]	*[33]	_	_	_	_	_	_	_	_	_	_	_	_	_	
6-2	363-370	данному	_	_	_	_	_	_	_	_	*[12]	*[33]	_	_	_	_	_	_	_	_	_	_	_	_	_	
6-3	371-376	факту	_	_	_	_	_	_	_	_	*[12]	*[33]	_	_	_	_	_	_	_	_	_	_	_	_	_	
6-4	377-384	ведется	_	_	_	_	_	_	_	_	*[12]	*[33]	_	_	_	_	_	_	_	_	_	_	_	_	_	
6-5	385-398	расследование	_	_	_	_	_	_	_	_	*[12]	*[33]	_	_	_	_	_	_	_	_	_	_	_	_	_	
6-6	398-399	.	_	_	_	_	_	_	_	_	*[12]	*[33]	_	_	_	_	_	_	_	_	_	_	_	_	_	

#Text=¶Ирландский боец смешанных единоборств Конор Макгрегор, объявивший о завершении своей карьеры в ММА, влип в очередную скандальную историю.
7-1	403-404	¶	_	_	_	_	_	_	_	_	*[13]	*[34]	_	_	_	_	_	_	_	_	_	_	_	_	_	
7-2	404-414	Ирландский	_	_	_	_	_	_	_	_	*[13]	*[34]	_	_	_	_	_	_	_	_	_	_	_	_	_	
7-3	415-419	боец	_	_	_	_	_	_	_	_	*[13]	*[34]	_	_	_	_	_	_	_	_	_	_	_	_	_	
7-4	420-429	смешанных	_	_	_	_	_	_	_	_	*[13]	*[34]	_	_	_	_	_	_	_	_	_	_	_	_	_	
7-5	430-441	единоборств	_	_	_	_	_	_	_	_	*[13]	*[34]	_	_	_	_	_	_	_	_	_	_	_	_	_	
7-6	442-447	Конор	_	_	_	_	_	_	_	_	*[13]	*[34]	_	_	_	_	_	_	_	_	_	_	_	_	_	
7-7	448-457	Макгрегор	_	_	_	_	_	_	_	_	*[13]	*[34]	_	_	_	_	_	_	_	_	_	_	_	_	_	
7-8	457-458	,	_	_	_	_	_	_	_	_	*[13]	*[34]	_	_	_	_	_	_	_	_	_	_	_	_	_	
7-9	459-469	объявивший	_	_	_	_	_	_	_	_	*[13]	*[34]	_	_	_	_	_	_	_	_	_	_	_	_	_	
7-10	470-471	о	_	_	_	_	_	_	_	_	*[13]	*[34]	_	_	_	_	_	_	_	_	_	_	_	_	_	
7-11	472-482	завершении	_	_	_	_	_	_	_	_	*[13]	*[34]	_	_	_	_	_	_	_	_	_	_	_	_	_	
7-12	483-488	своей	_	_	_	_	_	_	_	_	*[13]	*[34]	_	_	_	_	_	_	_	_	_	_	_	_	_	
7-13	489-496	карьеры	_	_	_	_	_	_	_	_	*[13]	*[34]	_	_	_	_	_	_	_	_	_	_	_	_	_	
7-14	497-498	в	_	_	_	_	_	_	_	_	*[13]	*[34]	_	_	_	_	_	_	_	_	_	_	_	_	_	
7-15	499-502	ММА	_	_	_	_	_	_	_	_	*[13]	*[34]	_	_	_	_	_	_	_	_	_	_	_	_	_	
7-16	502-503	,	_	_	_	_	_	_	_	_	*[13]	*[34]	_	_	_	_	_	_	_	_	_	_	_	_	_	
7-17	504-508	влип	_	_	_	_	_	_	_	_	*[13]	*[34]	_	_	_	_	_	_	_	_	_	_	_	_	_	
7-18	509-510	в	_	_	_	_	_	_	_	_	*[13]	*[34]	_	_	_	_	_	_	_	_	_	_	_	_	_	
7-19	511-520	очередную	_	_	_	_	_	_	_	_	*[13]	*[34]	_	_	_	_	_	_	_	_	_	_	_	_	_	
7-20	521-532	скандальную	_	_	_	_	_	_	_	_	*[13]	*[34]	_	_	_	_	_	_	_	_	_	_	_	_	_	
7-21	533-540	историю	_	_	_	_	_	_	_	_	*[13]	*[34]	_	_	_	_	_	_	_	_	_	_	_	_	_	
7-22	540-541	.	_	_	_	_	_	_	_	_	*[13]	*[34]	_	_	_	_	_	_	_	_	_	_	_	_	_	

#Text=Знаменитый спортсмен подозревается в сексуальном насиловании.
8-1	542-552	Знаменитый	_	_	_	_	_	_	_	_	*[13]	*[35]	_	_	_	_	_	_	_	_	_	_	_	_	_	
8-2	553-562	спортсмен	_	_	_	_	_	_	_	_	*[13]	*[35]	_	_	_	_	_	_	_	_	_	_	_	_	_	
8-3	563-576	подозревается	_	_	_	_	_	_	_	_	*[13]	*[35]	_	_	_	_	_	_	_	_	_	_	_	_	_	
8-4	577-578	в	_	_	_	_	_	_	_	_	*[13]	*[35]	_	_	_	_	_	_	_	_	_	_	_	_	_	
8-5	579-590	сексуальном	_	_	_	_	_	_	_	_	*[13]	*[35]	_	_	_	_	_	_	_	_	_	_	_	_	_	
8-6	591-602	насиловании	_	_	_	_	_	_	_	_	*[13]	*[35]	_	_	_	_	_	_	_	_	_	_	_	_	_	
8-7	602-603	.	_	_	_	_	_	_	_	_	*[13]	*[35]	_	_	_	_	_	_	_	_	_	_	_	_	_	

#Text=Об этом сообщает американская газета New York Times.
9-1	604-606	Об	_	_	_	_	_	_	_	_	*[13]	*[36]	_	_	_	_	_	_	_	_	_	_	_	_	_	
9-2	607-611	этом	_	_	_	_	_	_	_	_	*[13]	*[36]	_	_	_	_	_	_	_	_	_	_	_	_	_	
9-3	612-620	сообщает	_	_	_	_	_	_	_	_	*[13]	*[36]	_	_	_	_	_	_	_	_	_	_	_	_	_	
9-4	621-633	американская	_	_	_	_	_	_	_	_	*[13]	*[36]	_	_	_	_	_	_	_	_	_	_	_	_	_	
9-5	634-640	газета	_	_	_	_	_	_	_	_	*[13]	*[36]	_	_	_	_	_	_	_	_	_	_	_	_	_	
9-6	641-644	New	_	_	_	_	_	_	_	_	*[13]	*[36]	_	_	_	_	_	_	_	_	_	_	_	_	_	
9-7	645-649	York	_	_	_	_	_	_	_	_	*[13]	*[36]	_	_	_	_	_	_	_	_	_	_	_	_	_	
9-8	650-655	Times	_	_	_	_	_	_	_	_	*[13]	*[36]	_	_	_	_	_	_	_	_	_	_	_	_	_	
9-9	655-656	.	_	_	_	_	_	_	_	_	*[13]	*[36]	_	_	_	_	_	_	_	_	_	_	_	_	_	

#Text=По данным издания, в декабре прошлого года девушка, чье имя не афишируется, обвинила Макгрегора в изнасиловании и обратилась с заявлением в полицию.
10-1	657-659	По	_	_	_	_	_	_	_	_	*[13]	*[37]	_	_	_	_	_	_	_	_	_	_	_	_	_	
10-2	660-666	данным	_	_	_	_	_	_	_	_	*[13]	*[37]	_	_	_	_	_	_	_	_	_	_	_	_	_	
10-3	667-674	издания	_	_	_	_	_	_	_	_	*[13]	*[37]	_	_	_	_	_	_	_	_	_	_	_	_	_	
10-4	674-675	,	_	_	_	_	_	_	_	_	*[13]	*[37]	_	_	_	_	_	_	_	_	_	_	_	_	_	
10-5	676-677	в	_	_	_	_	_	_	_	_	*[13]	*[37]	_	_	_	_	_	_	_	_	_	_	_	_	_	
10-6	678-685	декабре	_	_	*	MonthName	-	-	ДЕКАБРЬ	*	*[13]	*[37]	Date[77]	*[77]	MonthName[77]	*[77]	_	_	_	_	_	_	_	_	_	
10-7	686-694	прошлого	_	_	*[4]	Year[4]	D[4]	1[4]	*[4]	*[4]	*[13]	*[37]	Date[77]	*[77]	MonthName[77]	*[77]	_	_	_	_	_	_	_	_	_	
10-8	695-699	года	_	_	*[4]	Year[4]	D[4]	1[4]	*[4]	*[4]	*[13]	*[37]	Date[77]	*[77]	MonthName[77]	*[77]	_	_	_	_	_	_	_	_	_	
10-9	700-707	девушка	_	_	_	_	_	_	_	_	*[13]	*[37]	_	_	_	_	_	_	_	_	_	_	_	_	_	
10-10	707-708	,	_	_	_	_	_	_	_	_	*[13]	*[37]	_	_	_	_	_	_	_	_	_	_	_	_	_	
10-11	709-712	чье	_	_	_	_	_	_	_	_	*[13]	*[37]	_	_	_	_	_	_	_	_	_	_	_	_	_	
10-12	713-716	имя	_	_	_	_	_	_	_	_	*[13]	*[37]	_	_	_	_	_	_	_	_	_	_	_	_	_	
10-13	717-719	не	_	_	_	_	_	_	_	_	*[13]	*[37]	_	_	_	_	_	_	_	_	_	_	_	_	_	
10-14	720-731	афишируется	_	_	_	_	_	_	_	_	*[13]	*[37]	_	_	_	_	_	_	_	_	_	_	_	_	_	
10-15	731-732	,	_	_	_	_	_	_	_	_	*[13]	*[37]	_	_	_	_	_	_	_	_	_	_	_	_	_	
10-16	733-741	обвинила	_	_	_	_	_	_	_	_	*[13]	*[37]	_	_	_	_	_	_	_	_	_	_	_	_	_	
10-17	742-752	Макгрегора	_	_	_	_	_	_	_	_	*[13]	*[37]	_	_	_	_	_	_	_	_	_	_	_	_	_	
10-18	753-754	в	_	_	_	_	_	_	_	_	*[13]	*[37]	_	_	_	_	_	_	_	_	_	_	_	_	_	
10-19	755-768	изнасиловании	_	_	_	_	_	_	_	_	*[13]	*[37]	_	_	_	_	_	_	_	_	_	_	_	_	_	
10-20	769-770	и	_	_	_	_	_	_	_	_	*[13]	*[37]	_	_	_	_	_	_	_	_	_	_	_	_	_	
10-21	771-781	обратилась	_	_	_	_	_	_	_	_	*[13]	*[37]	_	_	_	_	_	_	_	_	_	_	_	_	_	
10-22	782-783	с	_	_	_	_	_	_	_	_	*[13]	*[37]	_	_	_	_	_	_	_	_	_	_	_	_	_	
10-23	784-794	заявлением	_	_	_	_	_	_	_	_	*[13]	*[37]	_	_	_	_	_	_	_	_	_	_	_	_	_	
10-24	795-796	в	_	_	_	_	_	_	_	_	*[13]	*[37]	_	_	_	_	_	_	_	_	_	_	_	_	_	
10-25	797-804	полицию	_	_	_	_	_	_	_	_	*[13]	*[37]	_	_	_	_	_	_	_	_	_	_	_	_	_	
10-26	804-805	.	_	_	_	_	_	_	_	_	*[13]	*[37]	_	_	_	_	_	_	_	_	_	_	_	_	_	

#Text=¶Отмечается, что спортсмен через месяц был задержан правоохранительными органами.
11-1	809-810	¶	_	_	_	_	_	_	_	_	*[14]	*[38]	_	_	_	_	_	_	_	_	_	_	_	_	_	
11-2	810-820	Отмечается	_	_	_	_	_	_	_	_	*[14]	*[38]	_	_	_	_	_	_	_	_	_	_	_	_	_	
11-3	820-821	,	_	_	_	_	_	_	_	_	*[14]	*[38]	_	_	_	_	_	_	_	_	_	_	_	_	_	
11-4	822-825	что	_	_	_	_	_	_	_	_	*[14]	*[38]	_	_	_	_	_	_	_	_	_	_	_	_	_	
11-5	826-835	спортсмен	_	_	_	_	_	_	_	_	*[14]	*[38]	_	_	_	_	_	_	_	_	_	_	_	_	_	
11-6	836-841	через	_	_	_	_	_	_	_	_	*[14]	*[38]	_	_	_	_	_	_	_	_	_	_	_	_	_	
11-7	842-847	месяц	_	P???	_	_	_	_	_	_	*[14]	*[38]	_	_	_	_	_	_	_	_	_	_	_	_	_	
11-8	848-851	был	_	_	_	_	_	_	_	_	*[14]	*[38]	_	_	_	_	_	_	_	_	_	_	_	_	_	
11-9	852-860	задержан	_	_	_	_	_	_	_	_	*[14]	*[38]	_	_	_	_	_	_	_	_	_	_	_	_	_	
11-10	861-880	правоохранительными	_	_	_	_	_	_	_	_	*[14]	*[38]	_	_	_	_	_	_	_	_	_	_	_	_	_	
11-11	881-889	органами	_	_	_	_	_	_	_	_	*[14]	*[38]	_	_	_	_	_	_	_	_	_	_	_	_	_	
11-12	889-890	.	_	_	_	_	_	_	_	_	*[14]	*[38]	_	_	_	_	_	_	_	_	_	_	_	_	_	

#Text=Во время ареста ирландец выступил на допросе перед полицейскими и вскоре отпущен в связи с отсутствием доказательств в совершении преступления.
12-1	891-893	Во	_	_	_	_	_	_	_	_	*[14]	*[39]	_	_	_	_	_	_	_	_	_	_	_	_	_	
12-2	894-899	время	_	_	_	_	_	_	_	_	*[14]	*[39]	_	_	_	_	_	_	_	_	_	_	_	_	_	
12-3	900-906	ареста	_	_	_	_	_	_	_	_	*[14]	*[39]	_	_	_	_	_	_	_	_	_	_	_	_	_	
12-4	907-915	ирландец	_	_	_	_	_	_	_	_	*[14]	*[39]	_	_	_	_	_	_	_	_	_	_	_	_	_	
12-5	916-924	выступил	_	_	_	_	_	_	_	_	*[14]	*[39]	_	_	_	_	_	_	_	_	_	_	_	_	_	
12-6	925-927	на	_	_	_	_	_	_	_	_	*[14]	*[39]	_	_	_	_	_	_	_	_	_	_	_	_	_	
12-7	928-935	допросе	_	_	_	_	_	_	_	_	*[14]	*[39]	_	_	_	_	_	_	_	_	_	_	_	_	_	
12-8	936-941	перед	_	_	_	_	_	_	_	_	*[14]	*[39]	_	_	_	_	_	_	_	_	_	_	_	_	_	
12-9	942-954	полицейскими	_	_	_	_	_	_	_	_	*[14]	*[39]	_	_	_	_	_	_	_	_	_	_	_	_	_	
12-10	955-956	и	_	_	_	_	_	_	_	_	*[14]	*[39]	_	_	_	_	_	_	_	_	_	_	_	_	_	
12-11	957-963	вскоре	_	_	_	_	_	_	_	_	*[14]	*[39]	_	_	_	_	_	_	_	_	_	_	_	_	_	
12-12	964-971	отпущен	_	_	_	_	_	_	_	_	*[14]	*[39]	_	_	_	_	_	_	_	_	_	_	_	_	_	
12-13	972-973	в	_	_	_	_	_	_	_	_	*[14]	*[39]	_	_	_	_	_	_	_	_	_	_	_	_	_	
12-14	974-979	связи	_	_	_	_	_	_	_	_	*[14]	*[39]	_	_	_	_	_	_	_	_	_	_	_	_	_	
12-15	980-981	с	_	_	_	_	_	_	_	_	*[14]	*[39]	_	_	_	_	_	_	_	_	_	_	_	_	_	
12-16	982-993	отсутствием	_	_	_	_	_	_	_	_	*[14]	*[39]	_	_	_	_	_	_	_	_	_	_	_	_	_	
12-17	994-1007	доказательств	_	_	_	_	_	_	_	_	*[14]	*[39]	_	_	_	_	_	_	_	_	_	_	_	_	_	
12-18	1008-1009	в	_	_	_	_	_	_	_	_	*[14]	*[39]	_	_	_	_	_	_	_	_	_	_	_	_	_	
12-19	1010-1020	совершении	_	_	_	_	_	_	_	_	*[14]	*[39]	_	_	_	_	_	_	_	_	_	_	_	_	_	
12-20	1021-1033	преступления	_	_	_	_	_	_	_	_	*[14]	*[39]	_	_	_	_	_	_	_	_	_	_	_	_	_	
12-21	1033-1034	.	_	_	_	_	_	_	_	_	*[14]	*[39]	_	_	_	_	_	_	_	_	_	_	_	_	_	

#Text=¶Несмотря на то, что факт вины Макгрегора не доказан, расследование по данному делу не было закрыто и продолжается до сих пор.
13-1	1038-1039	¶	_	_	_	_	_	_	_	_	*[15]	*[40]	_	_	_	_	_	_	_	_	_	_	_	_	_	
13-2	1039-1047	Несмотря	_	_	_	_	_	_	_	_	*[15]	*[40]	_	_	_	_	_	_	_	_	_	_	_	_	_	
13-3	1048-1050	на	_	_	_	_	_	_	_	_	*[15]	*[40]	_	_	_	_	_	_	_	_	_	_	_	_	_	
13-4	1051-1053	то	_	_	_	_	_	_	_	_	*[15]	*[40]	_	_	_	_	_	_	_	_	_	_	_	_	_	
13-5	1053-1054	,	_	_	_	_	_	_	_	_	*[15]	*[40]	_	_	_	_	_	_	_	_	_	_	_	_	_	
13-6	1055-1058	что	_	_	_	_	_	_	_	_	*[15]	*[40]	_	_	_	_	_	_	_	_	_	_	_	_	_	
13-7	1059-1063	факт	_	_	_	_	_	_	_	_	*[15]	*[40]	_	_	_	_	_	_	_	_	_	_	_	_	_	
13-8	1064-1068	вины	_	_	_	_	_	_	_	_	*[15]	*[40]	_	_	_	_	_	_	_	_	_	_	_	_	_	
13-9	1069-1079	Макгрегора	_	_	_	_	_	_	_	_	*[15]	*[40]	_	_	_	_	_	_	_	_	_	_	_	_	_	
13-10	1080-1082	не	_	_	_	_	_	_	_	_	*[15]	*[40]	_	_	_	_	_	_	_	_	_	_	_	_	_	
13-11	1083-1090	доказан	_	_	_	_	_	_	_	_	*[15]	*[40]	_	_	_	_	_	_	_	_	_	_	_	_	_	
13-12	1090-1091	,	_	_	_	_	_	_	_	_	*[15]	*[40]	_	_	_	_	_	_	_	_	_	_	_	_	_	
13-13	1092-1105	расследование	_	_	_	_	_	_	_	_	*[15]	*[40]	_	_	_	_	_	_	_	_	_	_	_	_	_	
13-14	1106-1108	по	_	_	_	_	_	_	_	_	*[15]	*[40]	_	_	_	_	_	_	_	_	_	_	_	_	_	
13-15	1109-1116	данному	_	_	_	_	_	_	_	_	*[15]	*[40]	_	_	_	_	_	_	_	_	_	_	_	_	_	
13-16	1117-1121	делу	_	_	_	_	_	_	_	_	*[15]	*[40]	_	_	_	_	_	_	_	_	_	_	_	_	_	
13-17	1122-1124	не	_	_	_	_	_	_	_	_	*[15]	*[40]	_	_	_	_	_	_	_	_	_	_	_	_	_	
13-18	1125-1129	было	_	_	_	_	_	_	_	_	*[15]	*[40]	_	_	_	_	_	_	_	_	_	_	_	_	_	
13-19	1130-1137	закрыто	_	_	_	_	_	_	_	_	*[15]	*[40]	_	_	_	_	_	_	_	_	_	_	_	_	_	
13-20	1138-1139	и	_	_	_	_	_	_	_	_	*[15]	*[40]	_	_	_	_	_	_	_	_	_	_	_	_	_	
13-21	1140-1152	продолжается	_	_	_	_	_	_	_	_	*[15]	*[40]	_	_	_	_	_	_	_	_	_	_	_	_	_	
13-22	1153-1155	до	_	_	_	_	_	_	_	_	*[15]	*[40]	_	_	_	_	_	_	_	_	_	_	_	_	_	
13-23	1156-1159	сих	_	_	_	_	_	_	_	_	*[15]	*[40]	_	_	_	_	_	_	_	_	_	_	_	_	_	
13-24	1160-1163	пор	_	_	_	_	_	_	_	_	*[15]	*[40]	_	_	_	_	_	_	_	_	_	_	_	_	_	
13-25	1163-1164	.	_	_	_	_	_	_	_	_	*[15]	*[40]	_	_	_	_	_	_	_	_	_	_	_	_	_	

#Text=Отмечается, что случай мог произойти в отеле на окраине Дублина, где проживал ирландский спортсмен.
14-1	1165-1175	Отмечается	_	_	_	_	_	_	_	_	*[15]	*[41]	_	_	_	_	_	_	_	_	_	_	_	_	_	
14-2	1175-1176	,	_	_	_	_	_	_	_	_	*[15]	*[41]	_	_	_	_	_	_	_	_	_	_	_	_	_	
14-3	1177-1180	что	_	_	_	_	_	_	_	_	*[15]	*[41]	_	_	_	_	_	_	_	_	_	_	_	_	_	
14-4	1181-1187	случай	_	_	_	_	_	_	_	_	*[15]	*[41]	_	_	_	_	_	_	_	_	_	_	_	_	_	
14-5	1188-1191	мог	_	_	_	_	_	_	_	_	*[15]	*[41]	_	_	_	_	_	_	_	_	_	_	_	_	_	
14-6	1192-1201	произойти	_	_	_	_	_	_	_	_	*[15]	*[41]	_	_	_	_	_	_	_	_	_	_	_	_	_	
14-7	1202-1203	в	_	_	_	_	_	_	_	_	*[15]	*[41]	_	_	_	_	_	_	_	_	_	_	_	_	_	
14-8	1204-1209	отеле	_	_	_	_	_	_	_	_	*[15]	*[41]	_	_	_	_	_	_	_	_	_	_	_	_	_	
14-9	1210-1212	на	_	_	_	_	_	_	_	_	*[15]	*[41]	_	_	_	_	_	_	_	_	_	_	_	_	_	
14-10	1213-1220	окраине	_	_	_	_	_	_	_	_	*[15]	*[41]	_	_	_	_	_	_	_	_	_	_	_	_	_	
14-11	1221-1228	Дублина	_	_	_	_	_	_	_	_	*[15]	*[41]	_	_	_	_	_	_	_	_	_	_	_	_	_	
14-12	1228-1229	,	_	_	_	_	_	_	_	_	*[15]	*[41]	_	_	_	_	_	_	_	_	_	_	_	_	_	
14-13	1230-1233	где	_	_	_	_	_	_	_	_	*[15]	*[41]	_	_	_	_	_	_	_	_	_	_	_	_	_	
14-14	1234-1242	проживал	_	_	_	_	_	_	_	_	*[15]	*[41]	_	_	_	_	_	_	_	_	_	_	_	_	_	
14-15	1243-1253	ирландский	_	_	_	_	_	_	_	_	*[15]	*[41]	_	_	_	_	_	_	_	_	_	_	_	_	_	
14-16	1254-1263	спортсмен	_	_	_	_	_	_	_	_	*[15]	*[41]	_	_	_	_	_	_	_	_	_	_	_	_	_	
14-17	1263-1264	.	_	_	_	_	_	_	_	_	*[15]	*[41]	_	_	_	_	_	_	_	_	_	_	_	_	_	

#Text=Однако, по сообщениям СМИ, Макгрегор находился в гостинице лишь одну ночь.
15-1	1265-1271	Однако	_	_	_	_	_	_	_	_	*[15]	*[42]	_	_	_	_	_	_	_	_	_	_	_	_	_	
15-2	1271-1272	,	_	_	_	_	_	_	_	_	*[15]	*[42]	_	_	_	_	_	_	_	_	_	_	_	_	_	
15-3	1273-1275	по	_	_	_	_	_	_	_	_	*[15]	*[42]	_	_	_	_	_	_	_	_	_	_	_	_	_	
15-4	1276-1286	сообщениям	_	_	_	_	_	_	_	_	*[15]	*[42]	_	_	_	_	_	_	_	_	_	_	_	_	_	
15-5	1287-1290	СМИ	_	_	_	_	_	_	_	_	*[15]	*[42]	_	_	_	_	_	_	_	_	_	_	_	_	_	
15-6	1290-1291	,	_	_	_	_	_	_	_	_	*[15]	*[42]	_	_	_	_	_	_	_	_	_	_	_	_	_	
15-7	1292-1301	Макгрегор	_	_	_	_	_	_	_	_	*[15]	*[42]	_	_	_	_	_	_	_	_	_	_	_	_	_	
15-8	1302-1311	находился	_	_	_	_	_	_	_	_	*[15]	*[42]	_	_	_	_	_	_	_	_	_	_	_	_	_	
15-9	1312-1313	в	_	_	_	_	_	_	_	_	*[15]	*[42]	_	_	_	_	_	_	_	_	_	_	_	_	_	
15-10	1314-1323	гостинице	_	_	_	_	_	_	_	_	*[15]	*[42]	_	_	_	_	_	_	_	_	_	_	_	_	_	
15-11	1324-1328	лишь	_	_	_	_	_	_	_	_	*[15]	*[42]	_	_	_	_	_	_	_	_	_	_	_	_	_	
15-12	1329-1333	одну	_	_	_	_	_	_	_	_	*[15]	*[42]	_	_	_	_	_	_	_	_	_	_	_	_	_	
15-13	1334-1338	ночь	_	_	_	_	_	_	_	_	*[15]	*[42]	_	_	_	_	_	_	_	_	_	_	_	_	_	
15-14	1338-1339	.	_	_	_	_	_	_	_	_	*[15]	*[42]	_	_	_	_	_	_	_	_	_	_	_	_	_	

#Text=¶Интересен также тот факт, что первой новость о возможном изнасиловании передала местная пресса.
16-1	1343-1344	¶	_	_	_	_	_	_	_	_	*[16]	*[43]	_	_	_	_	_	_	_	_	_	_	_	_	_	
16-2	1344-1353	Интересен	_	_	_	_	_	_	_	_	*[16]	*[43]	_	_	_	_	_	_	_	_	_	_	_	_	_	
16-3	1354-1359	также	_	_	_	_	_	_	_	_	*[16]	*[43]	_	_	_	_	_	_	_	_	_	_	_	_	_	
16-4	1360-1363	тот	_	_	_	_	_	_	_	_	*[16]	*[43]	_	_	_	_	_	_	_	_	_	_	_	_	_	
16-5	1364-1368	факт	_	_	_	_	_	_	_	_	*[16]	*[43]	_	_	_	_	_	_	_	_	_	_	_	_	_	
16-6	1368-1369	,	_	_	_	_	_	_	_	_	*[16]	*[43]	_	_	_	_	_	_	_	_	_	_	_	_	_	
16-7	1370-1373	что	_	_	_	_	_	_	_	_	*[16]	*[43]	_	_	_	_	_	_	_	_	_	_	_	_	_	
16-8	1374-1380	первой	_	_	_	_	_	_	_	_	*[16]	*[43]	_	_	_	_	_	_	_	_	_	_	_	_	_	
16-9	1381-1388	новость	_	_	_	_	_	_	_	_	*[16]	*[43]	_	_	_	_	_	_	_	_	_	_	_	_	_	
16-10	1389-1390	о	_	_	_	_	_	_	_	_	*[16]	*[43]	_	_	_	_	_	_	_	_	_	_	_	_	_	
16-11	1391-1400	возможном	_	_	_	_	_	_	_	_	*[16]	*[43]	_	_	_	_	_	_	_	_	_	_	_	_	_	
16-12	1401-1414	изнасиловании	_	_	_	_	_	_	_	_	*[16]	*[43]	_	_	_	_	_	_	_	_	_	_	_	_	_	
16-13	1415-1423	передала	_	_	_	_	_	_	_	_	*[16]	*[43]	_	_	_	_	_	_	_	_	_	_	_	_	_	
16-14	1424-1431	местная	_	_	_	_	_	_	_	_	*[16]	*[43]	_	_	_	_	_	_	_	_	_	_	_	_	_	
16-15	1432-1438	пресса	_	_	_	_	_	_	_	_	*[16]	*[43]	_	_	_	_	_	_	_	_	_	_	_	_	_	
16-16	1438-1439	.	_	_	_	_	_	_	_	_	*[16]	*[43]	_	_	_	_	_	_	_	_	_	_	_	_	_	

#Text=Однако тогда ирландские СМИ, сообщая о заявлении девушки, якобы пострадавшей в результате действий сексуально-насильственного характера, имя спортсмена не упоминали.
17-1	1440-1446	Однако	_	_	_	_	_	_	_	_	*[16]	*[44]	_	_	_	_	_	_	_	_	_	_	_	_	_	
17-2	1447-1452	тогда	_	_	_	_	_	_	_	_	*[16]	*[44]	_	_	_	_	_	_	_	_	_	_	_	_	_	
17-3	1453-1463	ирландские	_	_	_	_	_	_	_	_	*[16]	*[44]	_	_	_	_	_	_	_	_	_	_	_	_	_	
17-4	1464-1467	СМИ	_	_	_	_	_	_	_	_	*[16]	*[44]	_	_	_	_	_	_	_	_	_	_	_	_	_	
17-5	1467-1468	,	_	_	_	_	_	_	_	_	*[16]	*[44]	_	_	_	_	_	_	_	_	_	_	_	_	_	
17-6	1469-1476	сообщая	_	_	_	_	_	_	_	_	*[16]	*[44]	_	_	_	_	_	_	_	_	_	_	_	_	_	
17-7	1477-1478	о	_	_	_	_	_	_	_	_	*[16]	*[44]	_	_	_	_	_	_	_	_	_	_	_	_	_	
17-8	1479-1488	заявлении	_	_	_	_	_	_	_	_	*[16]	*[44]	_	_	_	_	_	_	_	_	_	_	_	_	_	
17-9	1489-1496	девушки	_	_	_	_	_	_	_	_	*[16]	*[44]	_	_	_	_	_	_	_	_	_	_	_	_	_	
17-10	1496-1497	,	_	_	_	_	_	_	_	_	*[16]	*[44]	_	_	_	_	_	_	_	_	_	_	_	_	_	
17-11	1498-1503	якобы	_	_	_	_	_	_	_	_	*[16]	*[44]	_	_	_	_	_	_	_	_	_	_	_	_	_	
17-12	1504-1516	пострадавшей	_	_	_	_	_	_	_	_	*[16]	*[44]	_	_	_	_	_	_	_	_	_	_	_	_	_	
17-13	1517-1518	в	_	_	_	_	_	_	_	_	*[16]	*[44]	_	_	_	_	_	_	_	_	_	_	_	_	_	
17-14	1519-1529	результате	_	_	_	_	_	_	_	_	*[16]	*[44]	_	_	_	_	_	_	_	_	_	_	_	_	_	
17-15	1530-1538	действий	_	_	_	_	_	_	_	_	*[16]	*[44]	_	_	_	_	_	_	_	_	_	_	_	_	_	
17-16	1539-1565	сексуально-насильственного	_	_	_	_	_	_	_	_	*[16]	*[44]	_	_	_	_	_	_	_	_	_	_	_	_	_	
17-17	1566-1575	характера	_	_	_	_	_	_	_	_	*[16]	*[44]	_	_	_	_	_	_	_	_	_	_	_	_	_	
17-18	1575-1576	,	_	_	_	_	_	_	_	_	*[16]	*[44]	_	_	_	_	_	_	_	_	_	_	_	_	_	
17-19	1577-1580	имя	_	_	_	_	_	_	_	_	*[16]	*[44]	_	_	_	_	_	_	_	_	_	_	_	_	_	
17-20	1581-1591	спортсмена	_	_	_	_	_	_	_	_	*[16]	*[44]	_	_	_	_	_	_	_	_	_	_	_	_	_	
17-21	1592-1594	не	_	_	_	_	_	_	_	_	*[16]	*[44]	_	_	_	_	_	_	_	_	_	_	_	_	_	
17-22	1595-1604	упоминали	_	_	_	_	_	_	_	_	*[16]	*[44]	_	_	_	_	_	_	_	_	_	_	_	_	_	
17-23	1604-1605	.	_	_	_	_	_	_	_	_	*[16]	*[44]	_	_	_	_	_	_	_	_	_	_	_	_	_	

#Text=¶Сделано это было из-за особенностей законодательства Ирландии.
18-1	1609-1610	¶	_	_	_	_	_	_	_	_	*[17]	*[45]	_	_	_	_	_	_	_	_	_	_	_	_	_	
18-2	1610-1617	Сделано	_	_	_	_	_	_	_	_	*[17]	*[45]	_	_	_	_	_	_	_	_	_	_	_	_	_	
18-3	1618-1621	это	_	_	_	_	_	_	_	_	*[17]	*[45]	_	_	_	_	_	_	_	_	_	_	_	_	_	
18-4	1622-1626	было	_	_	_	_	_	_	_	_	*[17]	*[45]	_	_	_	_	_	_	_	_	_	_	_	_	_	
18-5	1627-1632	из-за	_	_	_	_	_	_	_	_	*[17]	*[45]	_	_	_	_	_	_	_	_	_	_	_	_	_	
18-6	1633-1645	особенностей	_	_	_	_	_	_	_	_	*[17]	*[45]	_	_	_	_	_	_	_	_	_	_	_	_	_	
18-7	1646-1662	законодательства	_	_	_	_	_	_	_	_	*[17]	*[45]	_	_	_	_	_	_	_	_	_	_	_	_	_	
18-8	1663-1671	Ирландии	_	_	_	_	_	_	_	_	*[17]	*[45]	_	_	_	_	_	_	_	_	_	_	_	_	_	
18-9	1671-1672	.	_	_	_	_	_	_	_	_	*[17]	*[45]	_	_	_	_	_	_	_	_	_	_	_	_	_	

#Text=Согласно ему, СМИ не имеют права идентифицировать личностей, обвиняемых в изнасиловании, до того, как их причастность к преступлению будет подтверждена.
19-1	1673-1681	Согласно	_	_	_	_	_	_	_	_	*[17]	*[46]	_	_	_	_	_	_	_	_	_	_	_	_	_	
19-2	1682-1685	ему	_	_	_	_	_	_	_	_	*[17]	*[46]	_	_	_	_	_	_	_	_	_	_	_	_	_	
19-3	1685-1686	,	_	_	_	_	_	_	_	_	*[17]	*[46]	_	_	_	_	_	_	_	_	_	_	_	_	_	
19-4	1687-1690	СМИ	_	_	_	_	_	_	_	_	*[17]	*[46]	_	_	_	_	_	_	_	_	_	_	_	_	_	
19-5	1691-1693	не	_	_	_	_	_	_	_	_	*[17]	*[46]	_	_	_	_	_	_	_	_	_	_	_	_	_	
19-6	1694-1699	имеют	_	_	_	_	_	_	_	_	*[17]	*[46]	_	_	_	_	_	_	_	_	_	_	_	_	_	
19-7	1700-1705	права	_	_	_	_	_	_	_	_	*[17]	*[46]	_	_	_	_	_	_	_	_	_	_	_	_	_	
19-8	1706-1722	идентифицировать	_	_	_	_	_	_	_	_	*[17]	*[46]	_	_	_	_	_	_	_	_	_	_	_	_	_	
19-9	1723-1732	личностей	_	_	_	_	_	_	_	_	*[17]	*[46]	_	_	_	_	_	_	_	_	_	_	_	_	_	
19-10	1732-1733	,	_	_	_	_	_	_	_	_	*[17]	*[46]	_	_	_	_	_	_	_	_	_	_	_	_	_	
19-11	1734-1744	обвиняемых	_	_	_	_	_	_	_	_	*[17]	*[46]	_	_	_	_	_	_	_	_	_	_	_	_	_	
19-12	1745-1746	в	_	_	_	_	_	_	_	_	*[17]	*[46]	_	_	_	_	_	_	_	_	_	_	_	_	_	
19-13	1747-1760	изнасиловании	_	_	_	_	_	_	_	_	*[17]	*[46]	_	_	_	_	_	_	_	_	_	_	_	_	_	
19-14	1760-1761	,	_	_	_	_	_	_	_	_	*[17]	*[46]	_	_	_	_	_	_	_	_	_	_	_	_	_	
19-15	1762-1764	до	_	_	_	_	_	_	_	_	*[17]	*[46]	_	_	_	_	_	_	_	_	_	_	_	_	_	
19-16	1765-1769	того	_	_	_	_	_	_	_	_	*[17]	*[46]	_	_	_	_	_	_	_	_	_	_	_	_	_	
19-17	1769-1770	,	_	_	_	_	_	_	_	_	*[17]	*[46]	_	_	_	_	_	_	_	_	_	_	_	_	_	
19-18	1771-1774	как	_	_	_	_	_	_	_	_	*[17]	*[46]	_	_	_	_	_	_	_	_	_	_	_	_	_	
19-19	1775-1777	их	_	_	_	_	_	_	_	_	*[17]	*[46]	_	_	_	_	_	_	_	_	_	_	_	_	_	
19-20	1778-1790	причастность	_	_	_	_	_	_	_	_	*[17]	*[46]	_	_	_	_	_	_	_	_	_	_	_	_	_	
19-21	1791-1792	к	_	_	_	_	_	_	_	_	*[17]	*[46]	_	_	_	_	_	_	_	_	_	_	_	_	_	
19-22	1793-1805	преступлению	_	_	_	_	_	_	_	_	*[17]	*[46]	_	_	_	_	_	_	_	_	_	_	_	_	_	
19-23	1806-1811	будет	_	_	_	_	_	_	_	_	*[17]	*[46]	_	_	_	_	_	_	_	_	_	_	_	_	_	
19-24	1812-1824	подтверждена	_	_	_	_	_	_	_	_	*[17]	*[46]	_	_	_	_	_	_	_	_	_	_	_	_	_	
19-25	1824-1825	.	_	_	_	_	_	_	_	_	*[17]	*[46]	_	_	_	_	_	_	_	_	_	_	_	_	_	

#Text=¶В противном случае данные публикации могут быть обжалованы в суде, который с большой долей вероятности выиграет истец, обвинив издание в клевете и оскорблении чести и достоинства человека.
20-1	1829-1830	¶	_	_	_	_	_	_	_	_	*[18]	*[47]	_	_	_	_	_	_	_	_	_	_	_	_	_	
20-2	1830-1831	В	_	_	_	_	_	_	_	_	*[18]	*[47]	_	_	_	_	_	_	_	_	_	_	_	_	_	
20-3	1832-1841	противном	_	_	_	_	_	_	_	_	*[18]	*[47]	_	_	_	_	_	_	_	_	_	_	_	_	_	
20-4	1842-1848	случае	_	_	_	_	_	_	_	_	*[18]	*[47]	_	_	_	_	_	_	_	_	_	_	_	_	_	
20-5	1849-1855	данные	_	_	_	_	_	_	_	_	*[18]	*[47]	_	_	_	_	_	_	_	_	_	_	_	_	_	
20-6	1856-1866	публикации	_	_	_	_	_	_	_	_	*[18]	*[47]	_	_	_	_	_	_	_	_	_	_	_	_	_	
20-7	1867-1872	могут	_	_	_	_	_	_	_	_	*[18]	*[47]	_	_	_	_	_	_	_	_	_	_	_	_	_	
20-8	1873-1877	быть	_	_	_	_	_	_	_	_	*[18]	*[47]	_	_	_	_	_	_	_	_	_	_	_	_	_	
20-9	1878-1888	обжалованы	_	_	_	_	_	_	_	_	*[18]	*[47]	_	_	_	_	_	_	_	_	_	_	_	_	_	
20-10	1889-1890	в	_	_	_	_	_	_	_	_	*[18]	*[47]	_	_	_	_	_	_	_	_	_	_	_	_	_	
20-11	1891-1895	суде	_	_	_	_	_	_	_	_	*[18]	*[47]	_	_	_	_	_	_	_	_	_	_	_	_	_	
20-12	1895-1896	,	_	_	_	_	_	_	_	_	*[18]	*[47]	_	_	_	_	_	_	_	_	_	_	_	_	_	
20-13	1897-1904	который	_	_	_	_	_	_	_	_	*[18]	*[47]	_	_	_	_	_	_	_	_	_	_	_	_	_	
20-14	1905-1906	с	_	_	_	_	_	_	_	_	*[18]	*[47]	_	_	_	_	_	_	_	_	_	_	_	_	_	
20-15	1907-1914	большой	_	_	_	_	_	_	_	_	*[18]	*[47]	_	_	_	_	_	_	_	_	_	_	_	_	_	
20-16	1915-1920	долей	_	_	_	_	_	_	_	_	*[18]	*[47]	_	_	_	_	_	_	_	_	_	_	_	_	_	
20-17	1921-1932	вероятности	_	_	_	_	_	_	_	_	*[18]	*[47]	_	_	_	_	_	_	_	_	_	_	_	_	_	
20-18	1933-1941	выиграет	_	_	_	_	_	_	_	_	*[18]	*[47]	_	_	_	_	_	_	_	_	_	_	_	_	_	
20-19	1942-1947	истец	_	_	_	_	_	_	_	_	*[18]	*[47]	_	_	_	_	_	_	_	_	_	_	_	_	_	
20-20	1947-1948	,	_	_	_	_	_	_	_	_	*[18]	*[47]	_	_	_	_	_	_	_	_	_	_	_	_	_	
20-21	1949-1956	обвинив	_	_	_	_	_	_	_	_	*[18]	*[47]	_	_	_	_	_	_	_	_	_	_	_	_	_	
20-22	1957-1964	издание	_	_	_	_	_	_	_	_	*[18]	*[47]	_	_	_	_	_	_	_	_	_	_	_	_	_	
20-23	1965-1966	в	_	_	_	_	_	_	_	_	*[18]	*[47]	_	_	_	_	_	_	_	_	_	_	_	_	_	
20-24	1967-1974	клевете	_	_	_	_	_	_	_	_	*[18]	*[47]	_	_	_	_	_	_	_	_	_	_	_	_	_	
20-25	1975-1976	и	_	_	_	_	_	_	_	_	*[18]	*[47]	_	_	_	_	_	_	_	_	_	_	_	_	_	
20-26	1977-1988	оскорблении	_	_	_	_	_	_	_	_	*[18]	*[47]	_	_	_	_	_	_	_	_	_	_	_	_	_	
20-27	1989-1994	чести	_	_	_	_	_	_	_	_	*[18]	*[47]	_	_	_	_	_	_	_	_	_	_	_	_	_	
20-28	1995-1996	и	_	_	_	_	_	_	_	_	*[18]	*[47]	_	_	_	_	_	_	_	_	_	_	_	_	_	
20-29	1997-2008	достоинства	_	_	_	_	_	_	_	_	*[18]	*[47]	_	_	_	_	_	_	_	_	_	_	_	_	_	
20-30	2009-2017	человека	_	_	_	_	_	_	_	_	*[18]	*[47]	_	_	_	_	_	_	_	_	_	_	_	_	_	
20-31	2017-2018	.	_	_	_	_	_	_	_	_	*[18]	*[47]	_	_	_	_	_	_	_	_	_	_	_	_	_	

#Text=¶Отмечается, что ирландские журналисты, проверяя информацию о возможном преступлении со стороны Макгрегора, обратились в правоохранительные органы за комментарием.
21-1	2022-2023	¶	_	_	_	_	_	_	_	_	*[19]	*[48]	_	_	_	_	_	_	_	_	_	_	_	_	_	
21-2	2023-2033	Отмечается	_	_	_	_	_	_	_	_	*[19]	*[48]	_	_	_	_	_	_	_	_	_	_	_	_	_	
21-3	2033-2034	,	_	_	_	_	_	_	_	_	*[19]	*[48]	_	_	_	_	_	_	_	_	_	_	_	_	_	
21-4	2035-2038	что	_	_	_	_	_	_	_	_	*[19]	*[48]	_	_	_	_	_	_	_	_	_	_	_	_	_	
21-5	2039-2049	ирландские	_	_	_	_	_	_	_	_	*[19]	*[48]	_	_	_	_	_	_	_	_	_	_	_	_	_	
21-6	2050-2060	журналисты	_	_	_	_	_	_	_	_	*[19]	*[48]	_	_	_	_	_	_	_	_	_	_	_	_	_	
21-7	2060-2061	,	_	_	_	_	_	_	_	_	*[19]	*[48]	_	_	_	_	_	_	_	_	_	_	_	_	_	
21-8	2062-2070	проверяя	_	_	_	_	_	_	_	_	*[19]	*[48]	_	_	_	_	_	_	_	_	_	_	_	_	_	
21-9	2071-2081	информацию	_	_	_	_	_	_	_	_	*[19]	*[48]	_	_	_	_	_	_	_	_	_	_	_	_	_	
21-10	2082-2083	о	_	_	_	_	_	_	_	_	*[19]	*[48]	_	_	_	_	_	_	_	_	_	_	_	_	_	
21-11	2084-2093	возможном	_	_	_	_	_	_	_	_	*[19]	*[48]	_	_	_	_	_	_	_	_	_	_	_	_	_	
21-12	2094-2106	преступлении	_	_	_	_	_	_	_	_	*[19]	*[48]	_	_	_	_	_	_	_	_	_	_	_	_	_	
21-13	2107-2109	со	_	_	_	_	_	_	_	_	*[19]	*[48]	_	_	_	_	_	_	_	_	_	_	_	_	_	
21-14	2110-2117	стороны	_	_	_	_	_	_	_	_	*[19]	*[48]	_	_	_	_	_	_	_	_	_	_	_	_	_	
21-15	2118-2128	Макгрегора	_	_	_	_	_	_	_	_	*[19]	*[48]	_	_	_	_	_	_	_	_	_	_	_	_	_	
21-16	2128-2129	,	_	_	_	_	_	_	_	_	*[19]	*[48]	_	_	_	_	_	_	_	_	_	_	_	_	_	
21-17	2130-2140	обратились	_	_	_	_	_	_	_	_	*[19]	*[48]	_	_	_	_	_	_	_	_	_	_	_	_	_	
21-18	2141-2142	в	_	_	_	_	_	_	_	_	*[19]	*[48]	_	_	_	_	_	_	_	_	_	_	_	_	_	
21-19	2143-2161	правоохранительные	_	_	_	_	_	_	_	_	*[19]	*[48]	_	_	_	_	_	_	_	_	_	_	_	_	_	
21-20	2162-2168	органы	_	_	_	_	_	_	_	_	*[19]	*[48]	_	_	_	_	_	_	_	_	_	_	_	_	_	
21-21	2169-2171	за	_	_	_	_	_	_	_	_	*[19]	*[48]	_	_	_	_	_	_	_	_	_	_	_	_	_	
21-22	2172-2184	комментарием	_	_	_	_	_	_	_	_	*[19]	*[48]	_	_	_	_	_	_	_	_	_	_	_	_	_	
21-23	2184-2185	.	_	_	_	_	_	_	_	_	*[19]	*[48]	_	_	_	_	_	_	_	_	_	_	_	_	_	

#Text=Однако представитель полицейской службы не подтвердил причастность спортсмена к криминальным действиям.
22-1	2186-2192	Однако	_	_	_	_	_	_	_	_	*[19]	*[49]	_	_	_	_	_	_	_	_	_	_	_	_	_	
22-2	2193-2206	представитель	_	_	_	_	_	_	_	_	*[19]	*[49]	_	_	_	_	_	_	_	_	_	_	_	_	_	
22-3	2207-2218	полицейской	_	_	_	_	_	_	_	_	*[19]	*[49]	_	_	_	_	_	_	_	_	_	_	_	_	_	
22-4	2219-2225	службы	_	_	_	_	_	_	_	_	*[19]	*[49]	_	_	_	_	_	_	_	_	_	_	_	_	_	
22-5	2226-2228	не	_	_	_	_	_	_	_	_	*[19]	*[49]	_	_	_	_	_	_	_	_	_	_	_	_	_	
22-6	2229-2239	подтвердил	_	_	_	_	_	_	_	_	*[19]	*[49]	_	_	_	_	_	_	_	_	_	_	_	_	_	
22-7	2240-2252	причастность	_	_	_	_	_	_	_	_	*[19]	*[49]	_	_	_	_	_	_	_	_	_	_	_	_	_	
22-8	2253-2263	спортсмена	_	_	_	_	_	_	_	_	*[19]	*[49]	_	_	_	_	_	_	_	_	_	_	_	_	_	
22-9	2264-2265	к	_	_	_	_	_	_	_	_	*[19]	*[49]	_	_	_	_	_	_	_	_	_	_	_	_	_	
22-10	2266-2278	криминальным	_	_	_	_	_	_	_	_	*[19]	*[49]	_	_	_	_	_	_	_	_	_	_	_	_	_	
22-11	2279-2288	действиям	_	_	_	_	_	_	_	_	*[19]	*[49]	_	_	_	_	_	_	_	_	_	_	_	_	_	
22-12	2288-2289	.	_	_	_	_	_	_	_	_	*[19]	*[49]	_	_	_	_	_	_	_	_	_	_	_	_	_	

#Text=При этом в полиции отметили, что Конор действительно был арестован 17 марта и освобожден в тот же день.
23-1	2290-2293	При	_	_	_	_	_	_	_	_	*[19]	*[50]	_	_	_	_	_	_	_	_	_	_	_	_	_	
23-2	2294-2298	этом	_	_	_	_	_	_	_	_	*[19]	*[50]	_	_	_	_	_	_	_	_	_	_	_	_	_	
23-3	2299-2300	в	_	_	_	_	_	_	_	_	*[19]	*[50]	_	_	_	_	_	_	_	_	_	_	_	_	_	
23-4	2301-2308	полиции	_	_	_	_	_	_	_	_	*[19]	*[50]	_	_	_	_	_	_	_	_	_	_	_	_	_	
23-5	2309-2317	отметили	_	_	_	_	_	_	_	_	*[19]	*[50]	_	_	_	_	_	_	_	_	_	_	_	_	_	
23-6	2317-2318	,	_	_	_	_	_	_	_	_	*[19]	*[50]	_	_	_	_	_	_	_	_	_	_	_	_	_	
23-7	2319-2322	что	_	_	_	_	_	_	_	_	*[19]	*[50]	_	_	_	_	_	_	_	_	_	_	_	_	_	
23-8	2323-2328	Конор	_	_	_	_	_	_	_	_	*[19]	*[50]	_	_	_	_	_	_	_	_	_	_	_	_	_	
23-9	2329-2342	действительно	_	_	_	_	_	_	_	_	*[19]	*[50]	_	_	_	_	_	_	_	_	_	_	_	_	_	
23-10	2343-2346	был	_	_	_	_	_	_	_	_	*[19]	*[50]	_	_	_	_	_	_	_	_	_	_	_	_	_	
23-11	2347-2356	арестован	_	_	_	_	_	_	_	_	*[19]	*[50]	_	_	_	_	_	_	_	_	_	_	_	_	_	
23-12	2357-2359	17	_	_	*	Day	-	-	17	*	*[19]	*[50]	Date[78]	*[78]	Day[78]	*[78]	*	*	*	*	*	*	*	1D	23-17[79_78]	
23-13	2360-2365	марта	_	_	*	MonthName	DA	4	МАРТ	*	*[19]	*[50]	Date[78]	*[78]	Day[78]	*[78]	_	_	_	_	_	_	_	_	_	
23-14	2366-2367	и	_	_	_	_	_	_	_	_	*[19]	*[50]	_	_	_	_	_	_	_	_	_	_	_	_	_	
23-15	2368-2378	освобожден	_	_	_	_	_	_	_	_	*[19]	*[50]	_	_	_	_	_	_	_	_	_	_	_	_	_	
23-16	2379-2380	в	_	_	_	_	_	_	_	_	*[19]	*[50]	_	_	_	_	_	_	_	_	_	_	_	_	_	
23-17	2381-2384	тот	_	_	*[5]	Day[5]	A[5]	1[5]	*[5]	*[5]	*[19]	*[50]	Date[79]	*[79]	Day[79]	*[79]	_	_	_	_	_	_	_	_	_	
23-18	2385-2387	же	_	_	*[5]	Day[5]	A[5]	1[5]	*[5]	*[5]	*[19]	*[50]	Date[79]	*[79]	Day[79]	*[79]	_	_	_	_	_	_	_	_	_	
23-19	2388-2392	день	_	_	*[5]	Day[5]	A[5]	1[5]	*[5]	*[5]	*[19]	*[50]	Date[79]	*[79]	Day[79]	*[79]	_	_	_	_	_	_	_	_	_	
23-20	2392-2393	.	_	_	_	_	_	_	_	_	*[19]	*[50]	_	_	_	_	_	_	_	_	_	_	_	_	_	

#Text=¶Дело по обвинению ирландского бойца в изнасиловании было передано в национальную прокуратуру на рассмотрение.
24-1	2397-2398	¶	_	_	_	_	_	_	_	_	*[20]	*[51]	_	_	_	_	_	_	_	_	_	_	_	_	_	
24-2	2398-2402	Дело	_	_	_	_	_	_	_	_	*[20]	*[51]	_	_	_	_	_	_	_	_	_	_	_	_	_	
24-3	2403-2405	по	_	_	_	_	_	_	_	_	*[20]	*[51]	_	_	_	_	_	_	_	_	_	_	_	_	_	
24-4	2406-2415	обвинению	_	_	_	_	_	_	_	_	*[20]	*[51]	_	_	_	_	_	_	_	_	_	_	_	_	_	
24-5	2416-2427	ирландского	_	_	_	_	_	_	_	_	*[20]	*[51]	_	_	_	_	_	_	_	_	_	_	_	_	_	
24-6	2428-2433	бойца	_	_	_	_	_	_	_	_	*[20]	*[51]	_	_	_	_	_	_	_	_	_	_	_	_	_	
24-7	2434-2435	в	_	_	_	_	_	_	_	_	*[20]	*[51]	_	_	_	_	_	_	_	_	_	_	_	_	_	
24-8	2436-2449	изнасиловании	_	_	_	_	_	_	_	_	*[20]	*[51]	_	_	_	_	_	_	_	_	_	_	_	_	_	
24-9	2450-2454	было	_	_	_	_	_	_	_	_	*[20]	*[51]	_	_	_	_	_	_	_	_	_	_	_	_	_	
24-10	2455-2463	передано	_	_	_	_	_	_	_	_	*[20]	*[51]	_	_	_	_	_	_	_	_	_	_	_	_	_	
24-11	2464-2465	в	_	_	_	_	_	_	_	_	*[20]	*[51]	_	_	_	_	_	_	_	_	_	_	_	_	_	
24-12	2466-2478	национальную	_	_	_	_	_	_	_	_	*[20]	*[51]	_	_	_	_	_	_	_	_	_	_	_	_	_	
24-13	2479-2490	прокуратуру	_	_	_	_	_	_	_	_	*[20]	*[51]	_	_	_	_	_	_	_	_	_	_	_	_	_	
24-14	2491-2493	на	_	_	_	_	_	_	_	_	*[20]	*[51]	_	_	_	_	_	_	_	_	_	_	_	_	_	
24-15	2494-2506	рассмотрение	_	_	_	_	_	_	_	_	*[20]	*[51]	_	_	_	_	_	_	_	_	_	_	_	_	_	
24-16	2506-2507	.	_	_	_	_	_	_	_	_	*[20]	*[51]	_	_	_	_	_	_	_	_	_	_	_	_	_	

#Text=¶Напомним, что проблемы с законом преследуют Макгрегора не первый месяц.
25-1	2511-2512	¶	_	_	_	_	_	_	_	_	*[21]	*[52]	_	_	_	_	_	_	_	_	_	_	_	_	_	
25-2	2512-2520	Напомним	_	_	_	_	_	_	_	_	*[21]	*[52]	_	_	_	_	_	_	_	_	_	_	_	_	_	
25-3	2520-2521	,	_	_	_	_	_	_	_	_	*[21]	*[52]	_	_	_	_	_	_	_	_	_	_	_	_	_	
25-4	2522-2525	что	_	_	_	_	_	_	_	_	*[21]	*[52]	_	_	_	_	_	_	_	_	_	_	_	_	_	
25-5	2526-2534	проблемы	_	_	_	_	_	_	_	_	*[21]	*[52]	_	_	_	_	_	_	_	_	_	_	_	_	_	
25-6	2535-2536	с	_	_	_	_	_	_	_	_	*[21]	*[52]	_	_	_	_	_	_	_	_	_	_	_	_	_	
25-7	2537-2544	законом	_	_	_	_	_	_	_	_	*[21]	*[52]	_	_	_	_	_	_	_	_	_	_	_	_	_	
25-8	2545-2555	преследуют	_	_	_	_	_	_	_	_	*[21]	*[52]	_	_	_	_	_	_	_	_	_	_	_	_	_	
25-9	2556-2566	Макгрегора	_	_	_	_	_	_	_	_	*[21]	*[52]	_	_	_	_	_	_	_	_	_	_	_	_	_	
25-10	2567-2569	не	_	_	_	_	_	_	_	_	*[21]	*[52]	_	_	_	_	_	_	_	_	_	_	_	_	_	
25-11	2570-2576	первый	_	_	_	_	_	_	_	_	*[21]	*[52]	_	_	_	_	_	_	_	_	_	_	_	_	_	
25-12	2577-2582	месяц	_	P???	_	_	_	_	_	_	*[21]	*[52]	_	_	_	_	_	_	_	_	_	_	_	_	_	
25-13	2582-2583	.	_	_	_	_	_	_	_	_	*[21]	*[52]	_	_	_	_	_	_	_	_	_	_	_	_	_	

#Text=12 марта ирландец был арестован по подозрению в нападении на людей.
26-1	2584-2586	12	_	_	*	Day	-	-	12	*	*[21]	*[53]	Date[80]	*[80]	Day[80]	*[80]	_	_	_	_	_	_	_	_	_	
26-2	2587-2592	марта	_	_	*	MonthName	DA	4	МАРТ	*	*[21]	*[53]	Date[80]	*[80]	Day[80]	*[80]	_	_	_	_	_	_	_	_	_	
26-3	2593-2601	ирландец	_	_	_	_	_	_	_	_	*[21]	*[53]	_	_	_	_	_	_	_	_	_	_	_	_	_	
26-4	2602-2605	был	_	_	_	_	_	_	_	_	*[21]	*[53]	_	_	_	_	_	_	_	_	_	_	_	_	_	
26-5	2606-2615	арестован	_	_	_	_	_	_	_	_	*[21]	*[53]	_	_	_	_	_	_	_	_	_	_	_	_	_	
26-6	2616-2618	по	_	_	_	_	_	_	_	_	*[21]	*[53]	_	_	_	_	_	_	_	_	_	_	_	_	_	
26-7	2619-2629	подозрению	_	_	_	_	_	_	_	_	*[21]	*[53]	_	_	_	_	_	_	_	_	_	_	_	_	_	
26-8	2630-2631	в	_	_	_	_	_	_	_	_	*[21]	*[53]	_	_	_	_	_	_	_	_	_	_	_	_	_	
26-9	2632-2641	нападении	_	_	_	_	_	_	_	_	*[21]	*[53]	_	_	_	_	_	_	_	_	_	_	_	_	_	
26-10	2642-2644	на	_	_	_	_	_	_	_	_	*[21]	*[53]	_	_	_	_	_	_	_	_	_	_	_	_	_	
26-11	2645-2650	людей	_	_	_	_	_	_	_	_	*[21]	*[53]	_	_	_	_	_	_	_	_	_	_	_	_	_	
26-12	2650-2651	.	_	_	_	_	_	_	_	_	*[21]	*[53]	_	_	_	_	_	_	_	_	_	_	_	_	_	

#Text=В частности, один из болельщиков и любителей смешанных единоборств Ахмед Абдирзак подал заявление на спортсмена, обвинив его в нанесении побоев, нападении и причинении морального вреда.
27-1	2652-2653	В	_	_	_	_	_	_	_	_	*[21]	*[54]	_	_	_	_	_	_	_	_	_	_	_	_	_	
27-2	2654-2663	частности	_	_	_	_	_	_	_	_	*[21]	*[54]	_	_	_	_	_	_	_	_	_	_	_	_	_	
27-3	2663-2664	,	_	_	_	_	_	_	_	_	*[21]	*[54]	_	_	_	_	_	_	_	_	_	_	_	_	_	
27-4	2665-2669	один	_	_	_	_	_	_	_	_	*[21]	*[54]	_	_	_	_	_	_	_	_	_	_	_	_	_	
27-5	2670-2672	из	_	_	_	_	_	_	_	_	*[21]	*[54]	_	_	_	_	_	_	_	_	_	_	_	_	_	
27-6	2673-2684	болельщиков	_	_	_	_	_	_	_	_	*[21]	*[54]	_	_	_	_	_	_	_	_	_	_	_	_	_	
27-7	2685-2686	и	_	_	_	_	_	_	_	_	*[21]	*[54]	_	_	_	_	_	_	_	_	_	_	_	_	_	
27-8	2687-2696	любителей	_	_	_	_	_	_	_	_	*[21]	*[54]	_	_	_	_	_	_	_	_	_	_	_	_	_	
27-9	2697-2706	смешанных	_	_	_	_	_	_	_	_	*[21]	*[54]	_	_	_	_	_	_	_	_	_	_	_	_	_	
27-10	2707-2718	единоборств	_	_	_	_	_	_	_	_	*[21]	*[54]	_	_	_	_	_	_	_	_	_	_	_	_	_	
27-11	2719-2724	Ахмед	_	_	_	_	_	_	_	_	*[21]	*[54]	_	_	_	_	_	_	_	_	_	_	_	_	_	
27-12	2725-2733	Абдирзак	_	_	_	_	_	_	_	_	*[21]	*[54]	_	_	_	_	_	_	_	_	_	_	_	_	_	
27-13	2734-2739	подал	_	_	_	_	_	_	_	_	*[21]	*[54]	_	_	_	_	_	_	_	_	_	_	_	_	_	
27-14	2740-2749	заявление	_	_	_	_	_	_	_	_	*[21]	*[54]	_	_	_	_	_	_	_	_	_	_	_	_	_	
27-15	2750-2752	на	_	_	_	_	_	_	_	_	*[21]	*[54]	_	_	_	_	_	_	_	_	_	_	_	_	_	
27-16	2753-2763	спортсмена	_	_	_	_	_	_	_	_	*[21]	*[54]	_	_	_	_	_	_	_	_	_	_	_	_	_	
27-17	2763-2764	,	_	_	_	_	_	_	_	_	*[21]	*[54]	_	_	_	_	_	_	_	_	_	_	_	_	_	
27-18	2765-2772	обвинив	_	_	_	_	_	_	_	_	*[21]	*[54]	_	_	_	_	_	_	_	_	_	_	_	_	_	
27-19	2773-2776	его	_	_	_	_	_	_	_	_	*[21]	*[54]	_	_	_	_	_	_	_	_	_	_	_	_	_	
27-20	2777-2778	в	_	_	_	_	_	_	_	_	*[21]	*[54]	_	_	_	_	_	_	_	_	_	_	_	_	_	
27-21	2779-2788	нанесении	_	_	_	_	_	_	_	_	*[21]	*[54]	_	_	_	_	_	_	_	_	_	_	_	_	_	
27-22	2789-2795	побоев	_	_	_	_	_	_	_	_	*[21]	*[54]	_	_	_	_	_	_	_	_	_	_	_	_	_	
27-23	2795-2796	,	_	_	_	_	_	_	_	_	*[21]	*[54]	_	_	_	_	_	_	_	_	_	_	_	_	_	
27-24	2797-2806	нападении	_	_	_	_	_	_	_	_	*[21]	*[54]	_	_	_	_	_	_	_	_	_	_	_	_	_	
27-25	2807-2808	и	_	_	_	_	_	_	_	_	*[21]	*[54]	_	_	_	_	_	_	_	_	_	_	_	_	_	
27-26	2809-2819	причинении	_	_	_	_	_	_	_	_	*[21]	*[54]	_	_	_	_	_	_	_	_	_	_	_	_	_	
27-27	2820-2830	морального	_	_	_	_	_	_	_	_	*[21]	*[54]	_	_	_	_	_	_	_	_	_	_	_	_	_	
27-28	2831-2836	вреда	_	_	_	_	_	_	_	_	*[21]	*[54]	_	_	_	_	_	_	_	_	_	_	_	_	_	
27-29	2836-2837	.	_	_	_	_	_	_	_	_	*[21]	*[54]	_	_	_	_	_	_	_	_	_	_	_	_	_	

#Text=По его словам, Макгрегор отобрал у него телефон во время того, как фанат пытался сфотографировать ирландца.
28-1	2838-2840	По	_	_	_	_	_	_	_	_	*[21]	*[55]	_	_	_	_	_	_	_	_	_	_	_	_	_	
28-2	2841-2844	его	_	_	_	_	_	_	_	_	*[21]	*[55]	_	_	_	_	_	_	_	_	_	_	_	_	_	
28-3	2845-2851	словам	_	_	_	_	_	_	_	_	*[21]	*[55]	_	_	_	_	_	_	_	_	_	_	_	_	_	
28-4	2851-2852	,	_	_	_	_	_	_	_	_	*[21]	*[55]	_	_	_	_	_	_	_	_	_	_	_	_	_	
28-5	2853-2862	Макгрегор	_	_	_	_	_	_	_	_	*[21]	*[55]	_	_	_	_	_	_	_	_	_	_	_	_	_	
28-6	2863-2870	отобрал	_	_	_	_	_	_	_	_	*[21]	*[55]	_	_	_	_	_	_	_	_	_	_	_	_	_	
28-7	2871-2872	у	_	_	_	_	_	_	_	_	*[21]	*[55]	_	_	_	_	_	_	_	_	_	_	_	_	_	
28-8	2873-2877	него	_	_	_	_	_	_	_	_	*[21]	*[55]	_	_	_	_	_	_	_	_	_	_	_	_	_	
28-9	2878-2885	телефон	_	_	_	_	_	_	_	_	*[21]	*[55]	_	_	_	_	_	_	_	_	_	_	_	_	_	
28-10	2886-2888	во	_	_	_	_	_	_	_	_	*[21]	*[55]	_	_	_	_	_	_	_	_	_	_	_	_	_	
28-11	2889-2894	время	_	_	_	_	_	_	_	_	*[21]	*[55]	_	_	_	_	_	_	_	_	_	_	_	_	_	
28-12	2895-2899	того	_	_	_	_	_	_	_	_	*[21]	*[55]	_	_	_	_	_	_	_	_	_	_	_	_	_	
28-13	2899-2900	,	_	_	_	_	_	_	_	_	*[21]	*[55]	_	_	_	_	_	_	_	_	_	_	_	_	_	
28-14	2901-2904	как	_	_	_	_	_	_	_	_	*[21]	*[55]	_	_	_	_	_	_	_	_	_	_	_	_	_	
28-15	2905-2910	фанат	_	_	_	_	_	_	_	_	*[21]	*[55]	_	_	_	_	_	_	_	_	_	_	_	_	_	
28-16	2911-2918	пытался	_	_	_	_	_	_	_	_	*[21]	*[55]	_	_	_	_	_	_	_	_	_	_	_	_	_	
28-17	2919-2935	сфотографировать	_	_	_	_	_	_	_	_	*[21]	*[55]	_	_	_	_	_	_	_	_	_	_	_	_	_	
28-18	2936-2944	ирландца	_	_	_	_	_	_	_	_	*[21]	*[55]	_	_	_	_	_	_	_	_	_	_	_	_	_	
28-19	2944-2945	.	_	_	_	_	_	_	_	_	*[21]	*[55]	_	_	_	_	_	_	_	_	_	_	_	_	_	

#Text=Сам Конор швырнул смартфон на асфальт, разбил его, а затем утащил его с собой.
29-1	2946-2949	Сам	_	_	_	_	_	_	_	_	*[21]	*[56]	_	_	_	_	_	_	_	_	_	_	_	_	_	
29-2	2950-2955	Конор	_	_	_	_	_	_	_	_	*[21]	*[56]	_	_	_	_	_	_	_	_	_	_	_	_	_	
29-3	2956-2963	швырнул	_	_	_	_	_	_	_	_	*[21]	*[56]	_	_	_	_	_	_	_	_	_	_	_	_	_	
29-4	2964-2972	смартфон	_	_	_	_	_	_	_	_	*[21]	*[56]	_	_	_	_	_	_	_	_	_	_	_	_	_	
29-5	2973-2975	на	_	_	_	_	_	_	_	_	*[21]	*[56]	_	_	_	_	_	_	_	_	_	_	_	_	_	
29-6	2976-2983	асфальт	_	_	_	_	_	_	_	_	*[21]	*[56]	_	_	_	_	_	_	_	_	_	_	_	_	_	
29-7	2983-2984	,	_	_	_	_	_	_	_	_	*[21]	*[56]	_	_	_	_	_	_	_	_	_	_	_	_	_	
29-8	2985-2991	разбил	_	_	_	_	_	_	_	_	*[21]	*[56]	_	_	_	_	_	_	_	_	_	_	_	_	_	
29-9	2992-2995	его	_	_	_	_	_	_	_	_	*[21]	*[56]	_	_	_	_	_	_	_	_	_	_	_	_	_	
29-10	2995-2996	,	_	_	_	_	_	_	_	_	*[21]	*[56]	_	_	_	_	_	_	_	_	_	_	_	_	_	
29-11	2997-2998	а	_	_	_	_	_	_	_	_	*[21]	*[56]	_	_	_	_	_	_	_	_	_	_	_	_	_	
29-12	2999-3004	затем	_	_	_	_	_	_	_	_	*[21]	*[56]	_	_	_	_	_	_	_	_	_	_	_	_	_	
29-13	3005-3011	утащил	_	_	_	_	_	_	_	_	*[21]	*[56]	_	_	_	_	_	_	_	_	_	_	_	_	_	
29-14	3012-3015	его	_	_	_	_	_	_	_	_	*[21]	*[56]	_	_	_	_	_	_	_	_	_	_	_	_	_	
29-15	3016-3017	с	_	_	_	_	_	_	_	_	*[21]	*[56]	_	_	_	_	_	_	_	_	_	_	_	_	_	
29-16	3018-3023	собой	_	_	_	_	_	_	_	_	*[21]	*[56]	_	_	_	_	_	_	_	_	_	_	_	_	_	
29-17	3023-3024	.	_	_	_	_	_	_	_	_	*[21]	*[56]	_	_	_	_	_	_	_	_	_	_	_	_	_	

#Text=¶Против бойца был подан гражданский иск, который зарегистрировал Американский окружной суд Майами-Дейд из штата Флорида.
30-1	3028-3029	¶	_	_	_	_	_	_	_	_	*[22]	*[57]	_	_	_	_	_	_	_	_	_	_	_	_	_	
30-2	3029-3035	Против	_	_	_	_	_	_	_	_	*[22]	*[57]	_	_	_	_	_	_	_	_	_	_	_	_	_	
30-3	3036-3041	бойца	_	_	_	_	_	_	_	_	*[22]	*[57]	_	_	_	_	_	_	_	_	_	_	_	_	_	
30-4	3042-3045	был	_	_	_	_	_	_	_	_	*[22]	*[57]	_	_	_	_	_	_	_	_	_	_	_	_	_	
30-5	3046-3051	подан	_	_	_	_	_	_	_	_	*[22]	*[57]	_	_	_	_	_	_	_	_	_	_	_	_	_	
30-6	3052-3063	гражданский	_	_	_	_	_	_	_	_	*[22]	*[57]	_	_	_	_	_	_	_	_	_	_	_	_	_	
30-7	3064-3067	иск	_	_	_	_	_	_	_	_	*[22]	*[57]	_	_	_	_	_	_	_	_	_	_	_	_	_	
30-8	3067-3068	,	_	_	_	_	_	_	_	_	*[22]	*[57]	_	_	_	_	_	_	_	_	_	_	_	_	_	
30-9	3069-3076	который	_	_	_	_	_	_	_	_	*[22]	*[57]	_	_	_	_	_	_	_	_	_	_	_	_	_	
30-10	3077-3092	зарегистрировал	_	_	_	_	_	_	_	_	*[22]	*[57]	_	_	_	_	_	_	_	_	_	_	_	_	_	
30-11	3093-3105	Американский	_	_	_	_	_	_	_	_	*[22]	*[57]	_	_	_	_	_	_	_	_	_	_	_	_	_	
30-12	3106-3114	окружной	_	_	_	_	_	_	_	_	*[22]	*[57]	_	_	_	_	_	_	_	_	_	_	_	_	_	
30-13	3115-3118	суд	_	_	_	_	_	_	_	_	*[22]	*[57]	_	_	_	_	_	_	_	_	_	_	_	_	_	
30-14	3119-3130	Майами-Дейд	_	_	_	_	_	_	_	_	*[22]	*[57]	_	_	_	_	_	_	_	_	_	_	_	_	_	
30-15	3131-3133	из	_	_	_	_	_	_	_	_	*[22]	*[57]	_	_	_	_	_	_	_	_	_	_	_	_	_	
30-16	3134-3139	штата	_	_	_	_	_	_	_	_	*[22]	*[57]	_	_	_	_	_	_	_	_	_	_	_	_	_	
30-17	3140-3147	Флорида	_	_	_	_	_	_	_	_	*[22]	*[57]	_	_	_	_	_	_	_	_	_	_	_	_	_	
30-18	3147-3148	.	_	_	_	_	_	_	_	_	*[22]	*[57]	_	_	_	_	_	_	_	_	_	_	_	_	_	

#Text=Согласно ему, 22-летний фанат требует от Макгрегора компенсацию в размере $15 тысяч.
31-1	3149-3157	Согласно	_	_	_	_	_	_	_	_	*[22]	*[58]	_	_	_	_	_	_	_	_	_	_	_	_	_	
31-2	3158-3161	ему	_	_	_	_	_	_	_	_	*[22]	*[58]	_	_	_	_	_	_	_	_	_	_	_	_	_	
31-3	3161-3162	,	_	_	_	_	_	_	_	_	*[22]	*[58]	_	_	_	_	_	_	_	_	_	_	_	_	_	
31-4	3163-3165	22	_	_	_	_	_	_	_	_	*[22]	*[58]	_	_	_	_	_	_	_	_	_	_	_	_	_	
31-5	3165-3166	-	_	_	_	_	_	_	_	_	*[22]	*[58]	_	_	_	_	_	_	_	_	_	_	_	_	_	
31-6	3166-3172	летний	_	_	_	_	_	_	_	_	*[22]	*[58]	_	_	_	_	_	_	_	_	_	_	_	_	_	
31-7	3173-3178	фанат	_	_	_	_	_	_	_	_	*[22]	*[58]	_	_	_	_	_	_	_	_	_	_	_	_	_	
31-8	3179-3186	требует	_	_	_	_	_	_	_	_	*[22]	*[58]	_	_	_	_	_	_	_	_	_	_	_	_	_	
31-9	3187-3189	от	_	_	_	_	_	_	_	_	*[22]	*[58]	_	_	_	_	_	_	_	_	_	_	_	_	_	
31-10	3190-3200	Макгрегора	_	_	_	_	_	_	_	_	*[22]	*[58]	_	_	_	_	_	_	_	_	_	_	_	_	_	
31-11	3201-3212	компенсацию	_	_	_	_	_	_	_	_	*[22]	*[58]	_	_	_	_	_	_	_	_	_	_	_	_	_	
31-12	3213-3214	в	_	_	_	_	_	_	_	_	*[22]	*[58]	_	_	_	_	_	_	_	_	_	_	_	_	_	
31-13	3215-3222	размере	_	_	_	_	_	_	_	_	*[22]	*[58]	_	_	_	_	_	_	_	_	_	_	_	_	_	
31-14	3223-3224	$	_	_	_	_	_	_	_	_	*[22]	*[58]	_	_	_	_	_	_	_	_	_	_	_	_	_	
31-15	3224-3226	15	_	_	_	_	_	_	_	_	*[22]	*[58]	_	_	_	_	_	_	_	_	_	_	_	_	_	
31-16	3227-3232	тысяч	_	_	_	_	_	_	_	_	*[22]	*[58]	_	_	_	_	_	_	_	_	_	_	_	_	_	
31-17	3232-3233	.	_	_	_	_	_	_	_	_	*[22]	*[58]	_	_	_	_	_	_	_	_	_	_	_	_	_	

#Text=Дело передано в суд, слушание состоится 12 апреля.
32-1	3234-3238	Дело	_	_	_	_	_	_	_	_	*[22]	*[59]	_	_	_	_	_	_	_	_	_	_	_	_	_	
32-2	3239-3247	передано	_	_	_	_	_	_	_	_	*[22]	*[59]	_	_	_	_	_	_	_	_	_	_	_	_	_	
32-3	3248-3249	в	_	_	_	_	_	_	_	_	*[22]	*[59]	_	_	_	_	_	_	_	_	_	_	_	_	_	
32-4	3250-3253	суд	_	_	_	_	_	_	_	_	*[22]	*[59]	_	_	_	_	_	_	_	_	_	_	_	_	_	
32-5	3253-3254	,	_	_	_	_	_	_	_	_	*[22]	*[59]	_	_	_	_	_	_	_	_	_	_	_	_	_	
32-6	3255-3263	слушание	_	_	_	_	_	_	_	_	*[22]	*[59]	_	_	_	_	_	_	_	_	_	_	_	_	_	
32-7	3264-3273	состоится	_	_	_	_	_	_	_	_	*[22]	*[59]	_	_	_	_	_	_	_	_	_	_	_	_	_	
32-8	3274-3276	12	_	_	*	Day	-	-	12	*	*[22]	*[59]	Date[81]	*[81]	Day[81]	*[81]	_	_	_	_	_	_	_	_	_	
32-9	3277-3283	апреля	_	_	*	MonthName	DA	4	АПРЕЛЬ	*	*[22]	*[59]	Date[81]	*[81]	Day[81]	*[81]	_	_	_	_	_	_	_	_	_	
32-10	3283-3284	.	_	_	_	_	_	_	_	_	*[22]	*[59]	_	_	_	_	_	_	_	_	_	_	_	_	_	

#Text=¶Сам Конор 26 марта шокировал весь мир смешанных единоборств, объявив о завершении своей карьеры в ММА.
33-1	3288-3289	¶	_	_	_	_	_	_	_	_	*[23]	*[60]	_	_	_	_	_	_	_	_	_	_	_	_	_	
33-2	3289-3292	Сам	_	_	_	_	_	_	_	_	*[23]	*[60]	_	_	_	_	_	_	_	_	_	_	_	_	_	
33-3	3293-3298	Конор	_	_	_	_	_	_	_	_	*[23]	*[60]	_	_	_	_	_	_	_	_	_	_	_	_	_	
33-4	3299-3301	26	_	_	*	Day	-	-	26	*	*[23]	*[60]	Date[82]	*[82]	Day[82]	*[82]	_	_	_	_	_	_	_	_	_	
33-5	3302-3307	марта	_	_	*	MonthName	DA	4	МАРТ	*	*[23]	*[60]	Date[82]	*[82]	Day[82]	*[82]	_	_	_	_	_	_	_	_	_	
33-6	3308-3317	шокировал	_	_	_	_	_	_	_	_	*[23]	*[60]	_	_	_	_	_	_	_	_	_	_	_	_	_	
33-7	3318-3322	весь	_	_	_	_	_	_	_	_	*[23]	*[60]	_	_	_	_	_	_	_	_	_	_	_	_	_	
33-8	3323-3326	мир	_	_	_	_	_	_	_	_	*[23]	*[60]	_	_	_	_	_	_	_	_	_	_	_	_	_	
33-9	3327-3336	смешанных	_	_	_	_	_	_	_	_	*[23]	*[60]	_	_	_	_	_	_	_	_	_	_	_	_	_	
33-10	3337-3348	единоборств	_	_	_	_	_	_	_	_	*[23]	*[60]	_	_	_	_	_	_	_	_	_	_	_	_	_	
33-11	3348-3349	,	_	_	_	_	_	_	_	_	*[23]	*[60]	_	_	_	_	_	_	_	_	_	_	_	_	_	
33-12	3350-3357	объявив	_	_	_	_	_	_	_	_	*[23]	*[60]	_	_	_	_	_	_	_	_	_	_	_	_	_	
33-13	3358-3359	о	_	_	_	_	_	_	_	_	*[23]	*[60]	_	_	_	_	_	_	_	_	_	_	_	_	_	
33-14	3360-3370	завершении	_	_	_	_	_	_	_	_	*[23]	*[60]	_	_	_	_	_	_	_	_	_	_	_	_	_	
33-15	3371-3376	своей	_	_	_	_	_	_	_	_	*[23]	*[60]	_	_	_	_	_	_	_	_	_	_	_	_	_	
33-16	3377-3384	карьеры	_	_	_	_	_	_	_	_	*[23]	*[60]	_	_	_	_	_	_	_	_	_	_	_	_	_	
33-17	3385-3386	в	_	_	_	_	_	_	_	_	*[23]	*[60]	_	_	_	_	_	_	_	_	_	_	_	_	_	
33-18	3387-3390	ММА	_	_	_	_	_	_	_	_	*[23]	*[60]	_	_	_	_	_	_	_	_	_	_	_	_	_	
33-19	3390-3391	.	_	_	_	_	_	_	_	_	*[23]	*[60]	_	_	_	_	_	_	_	_	_	_	_	_	_	

#Text=В своем твиттере бывший чемпион UFC в двух весовых категориях заявил о решении «уйти на пенсию».
34-1	3392-3393	В	_	_	_	_	_	_	_	_	*[23]	*[61]	_	_	_	_	_	_	_	_	_	_	_	_	_	
34-2	3394-3399	своем	_	_	_	_	_	_	_	_	*[23]	*[61]	_	_	_	_	_	_	_	_	_	_	_	_	_	
34-3	3400-3408	твиттере	_	_	_	_	_	_	_	_	*[23]	*[61]	_	_	_	_	_	_	_	_	_	_	_	_	_	
34-4	3409-3415	бывший	_	_	_	_	_	_	_	_	*[23]	*[61]	_	_	_	_	_	_	_	_	_	_	_	_	_	
34-5	3416-3423	чемпион	_	_	_	_	_	_	_	_	*[23]	*[61]	_	_	_	_	_	_	_	_	_	_	_	_	_	
34-6	3424-3427	UFC	_	_	_	_	_	_	_	_	*[23]	*[61]	_	_	_	_	_	_	_	_	_	_	_	_	_	
34-7	3428-3429	в	_	_	_	_	_	_	_	_	*[23]	*[61]	_	_	_	_	_	_	_	_	_	_	_	_	_	
34-8	3430-3434	двух	_	_	_	_	_	_	_	_	*[23]	*[61]	_	_	_	_	_	_	_	_	_	_	_	_	_	
34-9	3435-3442	весовых	_	_	_	_	_	_	_	_	*[23]	*[61]	_	_	_	_	_	_	_	_	_	_	_	_	_	
34-10	3443-3453	категориях	_	_	_	_	_	_	_	_	*[23]	*[61]	_	_	_	_	_	_	_	_	_	_	_	_	_	
34-11	3454-3460	заявил	_	_	_	_	_	_	_	_	*[23]	*[61]	_	_	_	_	_	_	_	_	_	_	_	_	_	
34-12	3461-3462	о	_	_	_	_	_	_	_	_	*[23]	*[61]	_	_	_	_	_	_	_	_	_	_	_	_	_	
34-13	3463-3470	решении	_	_	_	_	_	_	_	_	*[23]	*[61]	_	_	_	_	_	_	_	_	_	_	_	_	_	
34-14	3471-3472	«	_	_	_	_	_	_	_	_	*[23]	*[61]	_	_	_	_	_	_	_	_	_	_	_	_	_	
34-15	3472-3476	уйти	_	_	_	_	_	_	_	_	*[23]	*[61]	_	_	_	_	_	_	_	_	_	_	_	_	_	
34-16	3477-3479	на	_	_	_	_	_	_	_	_	*[23]	*[61]	_	_	_	_	_	_	_	_	_	_	_	_	_	
34-17	3480-3486	пенсию	_	_	_	_	_	_	_	_	*[23]	*[61]	_	_	_	_	_	_	_	_	_	_	_	_	_	
34-18	3486-3487	»	_	_	_	_	_	_	_	_	*[23]	*[61]	_	_	_	_	_	_	_	_	_	_	_	_	_	
34-19	3487-3488	.	_	_	_	_	_	_	_	_	*[23]	*[61]	_	_	_	_	_	_	_	_	_	_	_	_	_	

#Text=¶«Привет, ребята.
35-1	3492-3493	¶	_	_	_	_	_	_	_	_	*[24]	*[62]	_	_	_	_	_	_	_	_	_	_	_	_	_	
35-2	3493-3494	«	_	_	_	_	_	_	_	_	*[24]	*[62]	_	_	_	_	_	_	_	_	_	_	_	_	_	
35-3	3494-3500	Привет	_	_	_	_	_	_	_	_	*[24]	*[62]	_	_	_	_	_	_	_	_	_	_	_	_	_	
35-4	3500-3501	,	_	_	_	_	_	_	_	_	*[24]	*[62]	_	_	_	_	_	_	_	_	_	_	_	_	_	
35-5	3502-3508	ребята	_	_	_	_	_	_	_	_	*[24]	*[62]	_	_	_	_	_	_	_	_	_	_	_	_	_	
35-6	3508-3509	.	_	_	_	_	_	_	_	_	*[24]	*[62]	_	_	_	_	_	_	_	_	_	_	_	_	_	

#Text=У меня просто быстрое объявление.
36-1	3510-3511	У	_	_	_	_	_	_	_	_	*[24]	*[63]	_	_	_	_	_	_	_	_	_	_	_	_	_	
36-2	3512-3516	меня	_	_	_	_	_	_	_	_	*[24]	*[63]	_	_	_	_	_	_	_	_	_	_	_	_	_	
36-3	3517-3523	просто	_	_	_	_	_	_	_	_	*[24]	*[63]	_	_	_	_	_	_	_	_	_	_	_	_	_	
36-4	3524-3531	быстрое	_	_	_	_	_	_	_	_	*[24]	*[63]	_	_	_	_	_	_	_	_	_	_	_	_	_	
36-5	3532-3542	объявление	_	_	_	_	_	_	_	_	*[24]	*[63]	_	_	_	_	_	_	_	_	_	_	_	_	_	
36-6	3542-3543	.	_	_	_	_	_	_	_	_	*[24]	*[63]	_	_	_	_	_	_	_	_	_	_	_	_	_	

#Text=Я решил завершить свою карьеру в спорте, который формально называется «смешанные единоборства», начиная с сегодняшнего дня.
37-1	3544-3545	Я	_	_	_	_	_	_	_	_	*[24]	*[64]	_	_	_	_	_	_	_	_	_	_	_	_	_	
37-2	3546-3551	решил	_	_	_	_	_	_	_	_	*[24]	*[64]	_	_	_	_	_	_	_	_	_	_	_	_	_	
37-3	3552-3561	завершить	_	_	_	_	_	_	_	_	*[24]	*[64]	_	_	_	_	_	_	_	_	_	_	_	_	_	
37-4	3562-3566	свою	_	_	_	_	_	_	_	_	*[24]	*[64]	_	_	_	_	_	_	_	_	_	_	_	_	_	
37-5	3567-3574	карьеру	_	_	_	_	_	_	_	_	*[24]	*[64]	_	_	_	_	_	_	_	_	_	_	_	_	_	
37-6	3575-3576	в	_	_	_	_	_	_	_	_	*[24]	*[64]	_	_	_	_	_	_	_	_	_	_	_	_	_	
37-7	3577-3583	спорте	_	_	_	_	_	_	_	_	*[24]	*[64]	_	_	_	_	_	_	_	_	_	_	_	_	_	
37-8	3583-3584	,	_	_	_	_	_	_	_	_	*[24]	*[64]	_	_	_	_	_	_	_	_	_	_	_	_	_	
37-9	3585-3592	который	_	_	_	_	_	_	_	_	*[24]	*[64]	_	_	_	_	_	_	_	_	_	_	_	_	_	
37-10	3593-3602	формально	_	_	_	_	_	_	_	_	*[24]	*[64]	_	_	_	_	_	_	_	_	_	_	_	_	_	
37-11	3603-3613	называется	_	_	_	_	_	_	_	_	*[24]	*[64]	_	_	_	_	_	_	_	_	_	_	_	_	_	
37-12	3614-3615	«	_	_	_	_	_	_	_	_	*[24]	*[64]	_	_	_	_	_	_	_	_	_	_	_	_	_	
37-13	3615-3624	смешанные	_	_	_	_	_	_	_	_	*[24]	*[64]	_	_	_	_	_	_	_	_	_	_	_	_	_	
37-14	3625-3637	единоборства	_	_	_	_	_	_	_	_	*[24]	*[64]	_	_	_	_	_	_	_	_	_	_	_	_	_	
37-15	3637-3638	»	_	_	_	_	_	_	_	_	*[24]	*[64]	_	_	_	_	_	_	_	_	_	_	_	_	_	
37-16	3638-3639	,	_	_	_	_	_	_	_	_	*[24]	*[64]	_	_	_	_	_	_	_	_	_	_	_	_	_	
37-17	3640-3647	начиная	_	_	_	_	_	_	_	_	*[24]	*[64]	_	_	_	_	_	_	_	_	_	_	_	_	_	
37-18	3648-3649	с	_	_	_	_	_	_	_	_	*[24]	*[64]	_	_	_	_	_	_	_	_	_	_	_	_	_	
37-19	3650-3662	сегодняшнего	_	_	*[6]	Day[6]	D[6]	1[6]	*[6]	*[6]	*[24]	*[64]	Date[83]	*[83]	Day[83]	*[83]	_	_	_	_	_	_	_	_	_	
37-20	3663-3666	дня	_	_	*[6]	Day[6]	D[6]	1[6]	*[6]	*[6]	*[24]	*[64]	Date[83]	*[83]	Day[83]	*[83]	_	_	_	_	_	_	_	_	_	
37-21	3666-3667	.	_	_	_	_	_	_	_	_	*[24]	*[64]	_	_	_	_	_	_	_	_	_	_	_	_	_	

#Text=Желаю всем моим старым коллегам успехов в их дальнейших состязаниях.
38-1	3668-3673	Желаю	_	_	_	_	_	_	_	_	*[24]	*[65]	_	_	_	_	_	_	_	_	_	_	_	_	_	
38-2	3674-3678	всем	_	_	_	_	_	_	_	_	*[24]	*[65]	_	_	_	_	_	_	_	_	_	_	_	_	_	
38-3	3679-3683	моим	_	_	_	_	_	_	_	_	*[24]	*[65]	_	_	_	_	_	_	_	_	_	_	_	_	_	
38-4	3684-3690	старым	_	_	_	_	_	_	_	_	*[24]	*[65]	_	_	_	_	_	_	_	_	_	_	_	_	_	
38-5	3691-3699	коллегам	_	_	_	_	_	_	_	_	*[24]	*[65]	_	_	_	_	_	_	_	_	_	_	_	_	_	
38-6	3700-3707	успехов	_	_	_	_	_	_	_	_	*[24]	*[65]	_	_	_	_	_	_	_	_	_	_	_	_	_	
38-7	3708-3709	в	_	_	_	_	_	_	_	_	*[24]	*[65]	_	_	_	_	_	_	_	_	_	_	_	_	_	
38-8	3710-3712	их	_	_	_	_	_	_	_	_	*[24]	*[65]	_	_	_	_	_	_	_	_	_	_	_	_	_	
38-9	3713-3723	дальнейших	_	_	_	_	_	_	_	_	*[24]	*[65]	_	_	_	_	_	_	_	_	_	_	_	_	_	
38-10	3724-3735	состязаниях	_	_	_	_	_	_	_	_	*[24]	*[65]	_	_	_	_	_	_	_	_	_	_	_	_	_	
38-11	3735-3736	.	_	_	_	_	_	_	_	_	*[24]	*[65]	_	_	_	_	_	_	_	_	_	_	_	_	_	

#Text=Я теперь спокойно присоединюсь к бывшим партнерам по всему этому уже «на пенсии».
39-1	3737-3738	Я	_	_	_	_	_	_	_	_	*[24]	*[66]	_	_	_	_	_	_	_	_	_	_	_	_	_	
39-2	3739-3745	теперь	_	_	_	_	_	_	_	_	*[24]	*[66]	_	_	_	_	_	_	_	_	_	_	_	_	_	
39-3	3746-3754	спокойно	_	_	_	_	_	_	_	_	*[24]	*[66]	_	_	_	_	_	_	_	_	_	_	_	_	_	
39-4	3755-3767	присоединюсь	_	_	_	_	_	_	_	_	*[24]	*[66]	_	_	_	_	_	_	_	_	_	_	_	_	_	
39-5	3768-3769	к	_	_	_	_	_	_	_	_	*[24]	*[66]	_	_	_	_	_	_	_	_	_	_	_	_	_	
39-6	3770-3776	бывшим	_	_	_	_	_	_	_	_	*[24]	*[66]	_	_	_	_	_	_	_	_	_	_	_	_	_	
39-7	3777-3786	партнерам	_	_	_	_	_	_	_	_	*[24]	*[66]	_	_	_	_	_	_	_	_	_	_	_	_	_	
39-8	3787-3789	по	_	_	_	_	_	_	_	_	*[24]	*[66]	_	_	_	_	_	_	_	_	_	_	_	_	_	
39-9	3790-3795	всему	_	_	_	_	_	_	_	_	*[24]	*[66]	_	_	_	_	_	_	_	_	_	_	_	_	_	
39-10	3796-3801	этому	_	_	_	_	_	_	_	_	*[24]	*[66]	_	_	_	_	_	_	_	_	_	_	_	_	_	
39-11	3802-3805	уже	_	_	_	_	_	_	_	_	*[24]	*[66]	_	_	_	_	_	_	_	_	_	_	_	_	_	
39-12	3806-3807	«	_	_	_	_	_	_	_	_	*[24]	*[66]	_	_	_	_	_	_	_	_	_	_	_	_	_	
39-13	3807-3809	на	_	_	_	_	_	_	_	_	*[24]	*[66]	_	_	_	_	_	_	_	_	_	_	_	_	_	
39-14	3810-3816	пенсии	_	_	_	_	_	_	_	_	*[24]	*[66]	_	_	_	_	_	_	_	_	_	_	_	_	_	
39-15	3816-3817	»	_	_	_	_	_	_	_	_	*[24]	*[66]	_	_	_	_	_	_	_	_	_	_	_	_	_	
39-16	3817-3818	.	_	_	_	_	_	_	_	_	*[24]	*[66]	_	_	_	_	_	_	_	_	_	_	_	_	_	

#Text=С меня всем «Пина Колада», — написал Макгрегор.
40-1	3819-3820	С	_	_	_	_	_	_	_	_	*[24]	*[67]	_	_	_	_	_	_	_	_	_	_	_	_	_	
40-2	3821-3825	меня	_	_	_	_	_	_	_	_	*[24]	*[67]	_	_	_	_	_	_	_	_	_	_	_	_	_	
40-3	3826-3830	всем	_	_	_	_	_	_	_	_	*[24]	*[67]	_	_	_	_	_	_	_	_	_	_	_	_	_	
40-4	3831-3832	«	_	_	_	_	_	_	_	_	*[24]	*[67]	_	_	_	_	_	_	_	_	_	_	_	_	_	
40-5	3832-3836	Пина	_	_	_	_	_	_	_	_	*[24]	*[67]	_	_	_	_	_	_	_	_	_	_	_	_	_	
40-6	3837-3843	Колада	_	_	_	_	_	_	_	_	*[24]	*[67]	_	_	_	_	_	_	_	_	_	_	_	_	_	
40-7	3843-3844	»	_	_	_	_	_	_	_	_	*[24]	*[67]	_	_	_	_	_	_	_	_	_	_	_	_	_	
40-8	3844-3845	,	_	_	_	_	_	_	_	_	*[24]	*[67]	_	_	_	_	_	_	_	_	_	_	_	_	_	
40-9	3846-3847	—	_	_	_	_	_	_	_	_	*[24]	*[67]	_	_	_	_	_	_	_	_	_	_	_	_	_	
40-10	3848-3855	написал	_	_	_	_	_	_	_	_	*[24]	*[67]	_	_	_	_	_	_	_	_	_	_	_	_	_	
40-11	3856-3865	Макгрегор	_	_	_	_	_	_	_	_	*[24]	*[67]	_	_	_	_	_	_	_	_	_	_	_	_	_	
40-12	3865-3866	.	_	_	_	_	_	_	_	_	*[24]	*[67]	_	_	_	_	_	_	_	_	_	_	_	_	_	

#Text=¶Свою карьеру в ММА 30-летний ирландец начал в 2008 году.
41-1	3870-3871	¶	_	_	_	_	_	_	_	_	*[25]	*[68]	_	_	_	_	_	_	_	_	_	_	_	_	_	
41-2	3871-3875	Свою	_	_	_	_	_	_	_	_	*[25]	*[68]	_	_	_	_	_	_	_	_	_	_	_	_	_	
41-3	3876-3883	карьеру	_	_	_	_	_	_	_	_	*[25]	*[68]	_	_	_	_	_	_	_	_	_	_	_	_	_	
41-4	3884-3885	в	_	_	_	_	_	_	_	_	*[25]	*[68]	_	_	_	_	_	_	_	_	_	_	_	_	_	
41-5	3886-3889	ММА	_	_	_	_	_	_	_	_	*[25]	*[68]	_	_	_	_	_	_	_	_	_	_	_	_	_	
41-6	3890-3892	30	_	_	_	_	_	_	_	_	*[25]	*[68]	_	_	_	_	_	_	_	_	_	_	_	_	_	
41-7	3892-3893	-	_	_	_	_	_	_	_	_	*[25]	*[68]	_	_	_	_	_	_	_	_	_	_	_	_	_	
41-8	3893-3899	летний	_	_	_	_	_	_	_	_	*[25]	*[68]	_	_	_	_	_	_	_	_	_	_	_	_	_	
41-9	3900-3908	ирландец	_	_	_	_	_	_	_	_	*[25]	*[68]	_	_	_	_	_	_	_	_	_	_	_	_	_	
41-10	3909-3914	начал	_	_	_	_	_	_	_	_	*[25]	*[68]	_	_	_	_	_	_	_	_	_	_	_	_	_	
41-11	3915-3916	в	_	_	_	_	_	_	_	_	*[25]	*[68]	_	_	_	_	_	_	_	_	_	_	_	_	_	
41-12	3917-3921	2008	_	_	*[7]	Year[7]	-[7]	-[7]	2008[7]	*[7]	*[25]	*[68]	Date[84]	*[84]	Year[84]	*[84]	_	_	_	_	_	_	_	_	_	
41-13	3922-3926	году	_	_	*[7]	Year[7]	-[7]	-[7]	2008[7]	*[7]	*[25]	*[68]	Date[84]	*[84]	Year[84]	*[84]	_	_	_	_	_	_	_	_	_	
41-14	3926-3927	.	_	_	_	_	_	_	_	_	*[25]	*[68]	_	_	_	_	_	_	_	_	_	_	_	_	_	

#Text=За 10 лет он провел 25 поединков, в которых одержал 21 победу (18 — нокаутом).
42-1	3928-3930	За	_	_	_	_	_	_	_	_	*[25]	*[69]	_	_	_	_	_	_	_	_	_	_	_	_	_	
42-2	3931-3933	10	_	P???[2]	_	_	_	_	_	_	*[25]	*[69]	_	_	_	_	_	_	_	_	_	_	_	_	_	
42-3	3934-3937	лет	_	P???[2]	_	_	_	_	_	_	*[25]	*[69]	_	_	_	_	_	_	_	_	_	_	_	_	_	
42-4	3938-3940	он	_	_	_	_	_	_	_	_	*[25]	*[69]	_	_	_	_	_	_	_	_	_	_	_	_	_	
42-5	3941-3947	провел	_	_	_	_	_	_	_	_	*[25]	*[69]	_	_	_	_	_	_	_	_	_	_	_	_	_	
42-6	3948-3950	25	_	_	_	_	_	_	_	_	*[25]	*[69]	_	_	_	_	_	_	_	_	_	_	_	_	_	
42-7	3951-3960	поединков	_	_	_	_	_	_	_	_	*[25]	*[69]	_	_	_	_	_	_	_	_	_	_	_	_	_	
42-8	3960-3961	,	_	_	_	_	_	_	_	_	*[25]	*[69]	_	_	_	_	_	_	_	_	_	_	_	_	_	
42-9	3962-3963	в	_	_	_	_	_	_	_	_	*[25]	*[69]	_	_	_	_	_	_	_	_	_	_	_	_	_	
42-10	3964-3971	которых	_	_	_	_	_	_	_	_	*[25]	*[69]	_	_	_	_	_	_	_	_	_	_	_	_	_	
42-11	3972-3979	одержал	_	_	_	_	_	_	_	_	*[25]	*[69]	_	_	_	_	_	_	_	_	_	_	_	_	_	
42-12	3980-3982	21	_	_	_	_	_	_	_	_	*[25]	*[69]	_	_	_	_	_	_	_	_	_	_	_	_	_	
42-13	3983-3989	победу	_	_	_	_	_	_	_	_	*[25]	*[69]	_	_	_	_	_	_	_	_	_	_	_	_	_	
42-14	3990-3991	(	_	_	_	_	_	_	_	_	*[25]	*[69]	_	_	_	_	_	_	_	_	_	_	_	_	_	
42-15	3991-3993	18	_	_	_	_	_	_	_	_	*[25]	*[69]	_	_	_	_	_	_	_	_	_	_	_	_	_	
42-16	3994-3995	—	_	_	_	_	_	_	_	_	*[25]	*[69]	_	_	_	_	_	_	_	_	_	_	_	_	_	
42-17	3996-4004	нокаутом	_	_	_	_	_	_	_	_	*[25]	*[69]	_	_	_	_	_	_	_	_	_	_	_	_	_	
42-18	4004-4005	)	_	_	_	_	_	_	_	_	*[25]	*[69]	_	_	_	_	_	_	_	_	_	_	_	_	_	
42-19	4005-4006	.	_	_	_	_	_	_	_	_	*[25]	*[69]	_	_	_	_	_	_	_	_	_	_	_	_	_	

#Text=Еще четыре боя завершились поражением ирландца.
43-1	4007-4010	Еще	_	_	_	_	_	_	_	_	*[25]	*[70]	_	_	_	_	_	_	_	_	_	_	_	_	_	
43-2	4011-4017	четыре	_	_	_	_	_	_	_	_	*[25]	*[70]	_	_	_	_	_	_	_	_	_	_	_	_	_	
43-3	4018-4021	боя	_	_	_	_	_	_	_	_	*[25]	*[70]	_	_	_	_	_	_	_	_	_	_	_	_	_	
43-4	4022-4033	завершились	_	_	_	_	_	_	_	_	*[25]	*[70]	_	_	_	_	_	_	_	_	_	_	_	_	_	
43-5	4034-4044	поражением	_	_	_	_	_	_	_	_	*[25]	*[70]	_	_	_	_	_	_	_	_	_	_	_	_	_	
43-6	4045-4053	ирландца	_	_	_	_	_	_	_	_	*[25]	*[70]	_	_	_	_	_	_	_	_	_	_	_	_	_	
43-7	4053-4054	.	_	_	_	_	_	_	_	_	*[25]	*[70]	_	_	_	_	_	_	_	_	_	_	_	_	_	

#Text=Последний бой Конора Макгрегора датирован 6 октября 2018 года.
44-1	4055-4064	Последний	_	_	_	_	_	_	_	_	*[25]	*[71]	_	_	_	_	_	_	_	_	_	_	_	_	_	
44-2	4065-4068	бой	_	_	_	_	_	_	_	_	*[25]	*[71]	_	_	_	_	_	_	_	_	_	_	_	_	_	
44-3	4069-4075	Конора	_	_	_	_	_	_	_	_	*[25]	*[71]	_	_	_	_	_	_	_	_	_	_	_	_	_	
44-4	4076-4086	Макгрегора	_	_	_	_	_	_	_	_	*[25]	*[71]	_	_	_	_	_	_	_	_	_	_	_	_	_	
44-5	4087-4096	датирован	_	_	_	_	_	_	_	_	*[25]	*[71]	_	_	_	_	_	_	_	_	_	_	_	_	_	
44-6	4097-4098	6	_	_	*	Day	-	-	6	*	*[25]	*[71]	Date[85]	*[85]	Day[85]	*[85]	_	_	_	_	_	_	_	_	_	
44-7	4099-4106	октября	_	_	*	MonthName	-	-	ОКТЯБРЬ	*	*[25]	*[71]	Date[85]	*[85]	Day[85]	*[85]	_	_	_	_	_	_	_	_	_	
44-8	4107-4111	2018	_	_	*[8]	Year[8]	-[8]	-[8]	2018[8]	*[8]	*[25]	*[71]	Date[85]	*[85]	Day[85]	*[85]	_	_	_	_	_	_	_	_	_	
44-9	4112-4116	года	_	_	*[8]	Year[8]	-[8]	-[8]	2018[8]	*[8]	*[25]	*[71]	Date[85]	*[85]	Day[85]	*[85]	_	_	_	_	_	_	_	_	_	
44-10	4116-4117	.	_	_	_	_	_	_	_	_	*[25]	*[71]	_	_	_	_	_	_	_	_	_	_	_	_	_	

#Text=На турнире UFC 229 он уступил российскому чемпиону промоушена в легкой весовой категории Хабибу Нурмагомедову, сдавшись в четвертом раунде после болевого приема от россиянина.
45-1	4118-4120	На	_	_	_	_	_	_	_	_	*[25]	*[72]	_	_	_	_	_	_	_	_	_	_	_	_	_	
45-2	4121-4128	турнире	_	_	_	_	_	_	_	_	*[25]	*[72]	_	_	_	_	_	_	_	_	_	_	_	_	_	
45-3	4129-4132	UFC	_	_	_	_	_	_	_	_	*[25]	*[72]	_	_	_	_	_	_	_	_	_	_	_	_	_	
45-4	4133-4136	229	_	_	_	_	_	_	_	_	*[25]	*[72]	_	_	_	_	_	_	_	_	_	_	_	_	_	
45-5	4137-4139	он	_	_	_	_	_	_	_	_	*[25]	*[72]	_	_	_	_	_	_	_	_	_	_	_	_	_	
45-6	4140-4147	уступил	_	_	_	_	_	_	_	_	*[25]	*[72]	_	_	_	_	_	_	_	_	_	_	_	_	_	
45-7	4148-4159	российскому	_	_	_	_	_	_	_	_	*[25]	*[72]	_	_	_	_	_	_	_	_	_	_	_	_	_	
45-8	4160-4168	чемпиону	_	_	_	_	_	_	_	_	*[25]	*[72]	_	_	_	_	_	_	_	_	_	_	_	_	_	
45-9	4169-4179	промоушена	_	_	_	_	_	_	_	_	*[25]	*[72]	_	_	_	_	_	_	_	_	_	_	_	_	_	
45-10	4180-4181	в	_	_	_	_	_	_	_	_	*[25]	*[72]	_	_	_	_	_	_	_	_	_	_	_	_	_	
45-11	4182-4188	легкой	_	_	_	_	_	_	_	_	*[25]	*[72]	_	_	_	_	_	_	_	_	_	_	_	_	_	
45-12	4189-4196	весовой	_	_	_	_	_	_	_	_	*[25]	*[72]	_	_	_	_	_	_	_	_	_	_	_	_	_	
45-13	4197-4206	категории	_	_	_	_	_	_	_	_	*[25]	*[72]	_	_	_	_	_	_	_	_	_	_	_	_	_	
45-14	4207-4213	Хабибу	_	_	_	_	_	_	_	_	*[25]	*[72]	_	_	_	_	_	_	_	_	_	_	_	_	_	
45-15	4214-4227	Нурмагомедову	_	_	_	_	_	_	_	_	*[25]	*[72]	_	_	_	_	_	_	_	_	_	_	_	_	_	
45-16	4227-4228	,	_	_	_	_	_	_	_	_	*[25]	*[72]	_	_	_	_	_	_	_	_	_	_	_	_	_	
45-17	4229-4237	сдавшись	_	_	_	_	_	_	_	_	*[25]	*[72]	_	_	_	_	_	_	_	_	_	_	_	_	_	
45-18	4238-4239	в	_	_	_	_	_	_	_	_	*[25]	*[72]	_	_	_	_	_	_	_	_	_	_	_	_	_	
45-19	4240-4249	четвертом	_	_	_	_	_	_	_	_	*[25]	*[72]	_	_	_	_	_	_	_	_	_	_	_	_	_	
45-20	4250-4256	раунде	_	_	_	_	_	_	_	_	*[25]	*[72]	_	_	_	_	_	_	_	_	_	_	_	_	_	
45-21	4257-4262	после	_	_	_	_	_	_	_	_	*[25]	*[72]	_	_	_	_	_	_	_	_	_	_	_	_	_	
45-22	4263-4271	болевого	_	_	_	_	_	_	_	_	*[25]	*[72]	_	_	_	_	_	_	_	_	_	_	_	_	_	
45-23	4272-4278	приема	_	_	_	_	_	_	_	_	*[25]	*[72]	_	_	_	_	_	_	_	_	_	_	_	_	_	
45-24	4279-4281	от	_	_	_	_	_	_	_	_	*[25]	*[72]	_	_	_	_	_	_	_	_	_	_	_	_	_	
45-25	4282-4292	россиянина	_	_	_	_	_	_	_	_	*[25]	*[72]	_	_	_	_	_	_	_	_	_	_	_	_	_	
45-26	4292-4293	.	_	_	_	_	_	_	_	_	*[25]	*[72]	_	_	_	_	_	_	_	_	_	_	_	_	_	

#Text=¶С другими новостями, материалами и статистикой вы можете ознакомиться на странице бокса и ММА, а также в группах отдела спорта в социальных сетях Facebook и «Вконтакте».
46-1	4297-4298	¶	_	_	_	_	_	_	_	_	*[26]	*[73]	_	_	_	_	_	_	_	_	_	_	_	_	_	
46-2	4298-4299	С	_	_	_	_	_	_	_	_	*[26]	*[73]	_	_	_	_	_	_	_	_	_	_	_	_	_	
46-3	4300-4307	другими	_	_	_	_	_	_	_	_	*[26]	*[73]	_	_	_	_	_	_	_	_	_	_	_	_	_	
46-4	4308-4317	новостями	_	_	_	_	_	_	_	_	*[26]	*[73]	_	_	_	_	_	_	_	_	_	_	_	_	_	
46-5	4317-4318	,	_	_	_	_	_	_	_	_	*[26]	*[73]	_	_	_	_	_	_	_	_	_	_	_	_	_	
46-6	4319-4330	материалами	_	_	_	_	_	_	_	_	*[26]	*[73]	_	_	_	_	_	_	_	_	_	_	_	_	_	
46-7	4331-4332	и	_	_	_	_	_	_	_	_	*[26]	*[73]	_	_	_	_	_	_	_	_	_	_	_	_	_	
46-8	4333-4344	статистикой	_	_	_	_	_	_	_	_	*[26]	*[73]	_	_	_	_	_	_	_	_	_	_	_	_	_	
46-9	4345-4347	вы	_	_	_	_	_	_	_	_	*[26]	*[73]	_	_	_	_	_	_	_	_	_	_	_	_	_	
46-10	4348-4354	можете	_	_	_	_	_	_	_	_	*[26]	*[73]	_	_	_	_	_	_	_	_	_	_	_	_	_	
46-11	4355-4367	ознакомиться	_	_	_	_	_	_	_	_	*[26]	*[73]	_	_	_	_	_	_	_	_	_	_	_	_	_	
46-12	4368-4370	на	_	_	_	_	_	_	_	_	*[26]	*[73]	_	_	_	_	_	_	_	_	_	_	_	_	_	
46-13	4371-4379	странице	_	_	_	_	_	_	_	_	*[26]	*[73]	_	_	_	_	_	_	_	_	_	_	_	_	_	
46-14	4380-4385	бокса	_	_	_	_	_	_	_	_	*[26]	*[73]	_	_	_	_	_	_	_	_	_	_	_	_	_	
46-15	4386-4387	и	_	_	_	_	_	_	_	_	*[26]	*[73]	_	_	_	_	_	_	_	_	_	_	_	_	_	
46-16	4388-4391	ММА	_	_	_	_	_	_	_	_	*[26]	*[73]	_	_	_	_	_	_	_	_	_	_	_	_	_	
46-17	4391-4392	,	_	_	_	_	_	_	_	_	*[26]	*[73]	_	_	_	_	_	_	_	_	_	_	_	_	_	
46-18	4393-4394	а	_	_	_	_	_	_	_	_	*[26]	*[73]	_	_	_	_	_	_	_	_	_	_	_	_	_	
46-19	4395-4400	также	_	_	_	_	_	_	_	_	*[26]	*[73]	_	_	_	_	_	_	_	_	_	_	_	_	_	
46-20	4401-4402	в	_	_	_	_	_	_	_	_	*[26]	*[73]	_	_	_	_	_	_	_	_	_	_	_	_	_	
46-21	4403-4410	группах	_	_	_	_	_	_	_	_	*[26]	*[73]	_	_	_	_	_	_	_	_	_	_	_	_	_	
46-22	4411-4417	отдела	_	_	_	_	_	_	_	_	*[26]	*[73]	_	_	_	_	_	_	_	_	_	_	_	_	_	
46-23	4418-4424	спорта	_	_	_	_	_	_	_	_	*[26]	*[73]	_	_	_	_	_	_	_	_	_	_	_	_	_	
46-24	4425-4426	в	_	_	_	_	_	_	_	_	*[26]	*[73]	_	_	_	_	_	_	_	_	_	_	_	_	_	
46-25	4427-4437	социальных	_	_	_	_	_	_	_	_	*[26]	*[73]	_	_	_	_	_	_	_	_	_	_	_	_	_	
46-26	4438-4443	сетях	_	_	_	_	_	_	_	_	*[26]	*[73]	_	_	_	_	_	_	_	_	_	_	_	_	_	
46-27	4444-4452	Facebook	_	_	_	_	_	_	_	_	*[26]	*[73]	_	_	_	_	_	_	_	_	_	_	_	_	_	
46-28	4453-4454	и	_	_	_	_	_	_	_	_	*[26]	*[73]	_	_	_	_	_	_	_	_	_	_	_	_	_	
46-29	4455-4456	«	_	_	_	_	_	_	_	_	*[26]	*[73]	_	_	_	_	_	_	_	_	_	_	_	_	_	
46-30	4456-4465	Вконтакте	_	_	_	_	_	_	_	_	*[26]	*[73]	_	_	_	_	_	_	_	_	_	_	_	_	_	
46-31	4465-4466	»	_	_	_	_	_	_	_	_	*[26]	*[73]	_	_	_	_	_	_	_	_	_	_	_	_	_	
46-32	4466-4467	.	_	_	_	_	_	_	_	_	*[26]	*[73]	_	_	_	_	_	_	_	_	_	_	_	_	_	

#Text=¶https://www.gazeta.ru/sport/2019/03/26/a_12267356.shtml
47-1	4471-4472	¶	_	_	_	_	_	_	_	_	*[27]	*[74]	_	_	_	_	_	_	_	_	_	_	_	_	_	
47-2	4472-4477	https	_	_	_	_	_	_	_	_	*[27]	*[74]	_	_	_	_	_	_	_	_	_	_	_	_	_	
47-3	4477-4478	:	_	_	_	_	_	_	_	_	*[27]	*[74]	_	_	_	_	_	_	_	_	_	_	_	_	_	
47-4	4478-4479	/	_	_	_	_	_	_	_	_	*[27]	*[74]	_	_	_	_	_	_	_	_	_	_	_	_	_	
47-5	4479-4480	/	_	_	_	_	_	_	_	_	*[27]	*[74]	_	_	_	_	_	_	_	_	_	_	_	_	_	
47-6	4480-4483	www	_	_	_	_	_	_	_	_	*[27]	*[74]	_	_	_	_	_	_	_	_	_	_	_	_	_	
47-7	4483-4484	.	_	_	_	_	_	_	_	_	*[27]	*[74]	_	_	_	_	_	_	_	_	_	_	_	_	_	
47-8	4484-4490	gazeta	_	_	_	_	_	_	_	_	*[27]	*[74]	_	_	_	_	_	_	_	_	_	_	_	_	_	
47-9	4490-4491	.	_	_	_	_	_	_	_	_	*[27]	*[74]	_	_	_	_	_	_	_	_	_	_	_	_	_	
47-10	4491-4493	ru	_	_	_	_	_	_	_	_	*[27]	*[74]	_	_	_	_	_	_	_	_	_	_	_	_	_	
47-11	4493-4494	/	_	_	_	_	_	_	_	_	*[27]	*[74]	_	_	_	_	_	_	_	_	_	_	_	_	_	
47-12	4494-4499	sport	_	_	_	_	_	_	_	_	*[27]	*[74]	_	_	_	_	_	_	_	_	_	_	_	_	_	
47-13	4499-4500	/	_	_	_	_	_	_	_	_	*[27]	*[74]	_	_	_	_	_	_	_	_	_	_	_	_	_	
47-14	4500-4504	2019	_	_	_	_	_	_	_	_	*[27]	*[74]	_	_	_	_	_	_	_	_	_	_	_	_	_	
47-15	4504-4505	/	_	_	_	_	_	_	_	_	*[27]	*[74]	_	_	_	_	_	_	_	_	_	_	_	_	_	
47-16	4505-4507	03	_	_	_	_	_	_	_	_	*[27]	*[74]	_	_	_	_	_	_	_	_	_	_	_	_	_	
47-17	4507-4508	/	_	_	_	_	_	_	_	_	*[27]	*[74]	_	_	_	_	_	_	_	_	_	_	_	_	_	
47-18	4508-4510	26	_	_	_	_	_	_	_	_	*[27]	*[74]	_	_	_	_	_	_	_	_	_	_	_	_	_	
47-19	4510-4511	/	_	_	_	_	_	_	_	_	*[27]	*[74]	_	_	_	_	_	_	_	_	_	_	_	_	_	
47-20	4511-4512	a	_	_	_	_	_	_	_	_	*[27]	*[74]	_	_	_	_	_	_	_	_	_	_	_	_	_	
47-21	4513-4521	12267356	_	_	_	_	_	_	_	_	*[27]	*[74]	_	_	_	_	_	_	_	_	_	_	_	_	_	
47-22	4521-4522	.	_	_	_	_	_	_	_	_	*[27]	*[74]	_	_	_	_	_	_	_	_	_	_	_	_	_	
47-23	4522-4527	shtml	_	_	_	_	_	_	_	_	*[27]	*[74]	_	_	_	_	_	_	_	_	_	_	_	_	_	
